# run        dr        AoA        AoS        J_M1        J_M2        Re        CL        CD        CY        CMpitch        CMyaw        rho        V        rpsM1        rpsM2        de        CL_uncorr        CD_uncorr
   0.00000    0.00000    4.44500    0.00000    1.60470    1.60470 339769.26739    0.23437    0.04532    0.01430   -5.25869   -0.00888    1.22077   30.14782   92.00000   92.00000    0.00000    0.23846    0.04512
   2.00000    0.00000    4.44500    0.00000    1.75399    1.75399 338993.80388    0.22921    0.04415    0.01398   -5.24738   -0.00884    1.22058   30.12011   84.00000   84.00000    0.00000    0.23321    0.04492
   3.00000    0.00000    4.44500    0.00000    1.75777    1.75777 339615.19541    0.22967    0.04442    0.01419   -5.24673   -0.00880    1.22038   30.18538   84.00000   84.00000    0.00000    0.23368    0.04520
   4.00000    0.00000    4.44500    0.00000    1.99575    1.99575 339705.63488    0.22255    0.04459    0.01442   -5.22528   -0.00886    1.22048   30.23115   74.00000   74.00000    0.00000    0.22644    0.04537
   5.00000    0.00000    4.44500    0.00000    2.23711    2.23711 339581.04305    0.21504    0.04484    0.01277   -5.20729   -0.00886    1.22039   30.25336   66.00000   66.00000    0.00000    0.21880    0.04562
   6.00000    0.00000    6.77023    0.00000    1.60465    1.60465 339511.80464    0.77412    0.05993    0.01117   -2.32229   -0.00897    1.22039   30.14677   92.00000   92.00000    0.00000    0.78764    0.06098
   7.00000    0.00000    6.77023    0.00000    1.75803    1.75803 339668.77716    0.76962    0.05949    0.00939   -2.30547   -0.00884    1.22050   30.18976   84.00000   84.00000    0.00000    0.78306    0.06053
   8.00000    0.00000    6.77023    0.00000    1.99518    1.99518 339604.69865    0.76110    0.06006    0.01127   -2.27929   -0.00909    1.22049   30.22251   74.00000   74.00000    0.00000    0.77440    0.06111
   9.00000    0.00000    6.77023    0.00000    2.23678    2.23678 339574.07662    0.75375    0.06057    0.01154   -2.26219   -0.00910    1.22055   30.24881   66.00000   66.00000    0.00000    0.76694    0.06163
  10.00000    0.00000    4.46321    5.00000    1.60460    1.60460 339441.22094    0.24105    0.05237    0.13148   -5.29850   -0.03605    1.22030   30.15084   92.00000   92.00000    0.00000    0.24534    0.05330
  11.00000    0.00000    4.46321    5.00000    1.75803    1.75803 339575.13429    0.23596    0.05100    0.13126   -5.28278   -0.03581    1.22040   30.19348   84.00000   84.00000    0.00000    0.24014    0.05190
  12.00000    0.00000    4.46321    5.00000    1.99479    1.99479 339361.16676    0.22730    0.05042    0.13046   -5.26033   -0.03574    1.22019   30.21972   74.00000   74.00000    0.00000    0.23132    0.05131
  13.00000    0.00000    4.46321    5.00000    2.23648    2.23648 339338.27812    0.21972    0.05101    0.13063   -5.24062   -0.03585    1.22019   30.24806   66.00000   66.00000    0.00000    0.22361    0.05191
  14.00000    0.00000    6.77767    5.00000    1.60486    1.60486 339488.03865    0.77988    0.06738    0.11319   -2.34873   -0.03216    1.22037   30.15584   92.00000   92.00000    0.00000    0.79376    0.06858
  15.00000    0.00000    6.77767    5.00000    1.75777    1.75777 339576.57242    0.77369    0.06612    0.11387   -2.32844   -0.03221    1.22055   30.18899   84.00000   84.00000    0.00000    0.78739    0.06729
  16.00000    0.00000    6.77767    5.00000    1.99522    1.99522 339576.10148    0.76349    0.06551    0.11362   -2.29944   -0.03226    1.22060   30.22631   74.00000   74.00000    0.00000    0.77699    0.06667
  17.00000    0.00000    6.77767    5.00000    2.23643    2.23643 339483.56376    0.75534    0.06614    0.11398   -2.27772   -0.03251    1.22061   30.24745   66.00000   66.00000    0.00000    0.76873    0.06731
  18.00000    0.00000    4.18633   10.00000    1.60515    1.60515 339600.40308    0.27626    0.07009    0.22303   -5.01833   -0.05786    1.22055   30.17534   92.00000   92.00000    0.00000    0.28144    0.07140
  19.00000    0.00000    4.18633   10.00000    1.75736    1.75736 339463.79909    0.27070    0.06514    0.22273   -5.00100   -0.05765    1.22059   30.19332   84.00000   84.00000    0.00000    0.27570    0.06634
  20.00000    0.00000    4.18633   10.00000    1.99498    1.99498 339383.48802    0.26217    0.06367    0.22095   -4.97995   -0.05717    1.22032   30.23329   74.00000   74.00000    0.00000    0.26699    0.06484
  21.00000    0.00000    4.18633   10.00000    2.23774    2.23774 339497.58805    0.25490    0.06376    0.22050   -4.95836   -0.05720    1.22028   30.27532   66.00000   66.00000    0.00000    0.25959    0.06493
  22.00000    0.00000    6.73638   10.00000    1.60499    1.60499 339487.37345    0.80335    0.08377    0.19936   -2.31844   -0.05516    1.22044   30.17225   92.00000   92.00000    0.00000    0.81841    0.08534
  23.00000    0.00000    6.73638   10.00000    1.75908    1.75908 339788.63979    0.79749    0.07924    0.19946   -2.29937   -0.05504    1.22060   30.22301   84.00000   84.00000    0.00000    0.81222    0.08070
  24.00000    0.00000    6.73638   10.00000    1.99589    1.99562 339582.45089    0.78901    0.07733    0.19920   -2.27636   -0.05505    1.22057   30.24305   73.99000   74.00000    0.00000    0.80353    0.07875
  25.00000    0.00000    6.73638   10.00000    2.23579    2.23579 339323.22663    0.78153    0.07717    0.19931   -2.25387   -0.05520    1.22058   30.24891   66.00000   66.00000    0.00000    0.79592    0.07859
  26.00000    0.00000    4.43418    0.00000    1.75821    1.75821 451790.32005    0.23355    0.03979    0.01639   -5.23292   -0.00898    1.21906   40.24521  112.00000  112.00000    0.00000    0.23757    0.04047
  27.00000    0.00000    4.43418    0.00000    2.00870    2.00870 451408.24156    0.22634    0.04102    0.01517   -5.21259   -0.00899    1.21871   40.28744   98.00000   98.00000    0.00000    0.23025    0.04173
  28.00000    0.00000    4.43418    0.00000    2.11647    2.11647 451285.59856    0.22265    0.04108    0.01394   -5.20542   -0.00867    1.21864   40.30475   93.00000   93.00000    0.00000    0.22650    0.04179
  29.00000    0.00000    4.43418    0.00000    2.26352    2.26352 451346.50018    0.21836    0.04305    0.01360   -5.19380   -0.00864    1.21842   40.34621   87.00000   87.00000    0.00000    0.22216    0.04380
  30.00000    0.00000    6.77605    0.00000    1.75732    1.75732 451108.29235    0.77435    0.05572    0.00991   -2.31748   -0.00843    1.21843   40.22484  112.00000  112.00000    0.00000    0.78766    0.05668
  31.00000    0.00000    6.77605    0.00000    2.00892    2.00892 451325.03527    0.76579    0.05706    0.01160   -2.29217   -0.00842    1.21861   40.29198   98.00000   98.00000    0.00000    0.77902    0.05805
  32.00000    0.00000    6.77605    0.00000    2.11661    2.11661 451215.03052    0.76214    0.05622    0.00969   -2.28267   -0.00853    1.21856   40.30742   93.00000   93.00000    0.00000    0.77532    0.05719
  33.00000    0.00000    6.77605    0.00000    2.26243    2.26243 451124.51025    0.75802    0.05828    0.01056   -2.27182   -0.00865    1.21844   40.32684   87.00000   87.00000    0.00000    0.77121    0.05929
  34.00000    0.00000    4.46328    4.99500    1.75834    1.75834 451094.10679    0.23836    0.04851    0.12821   -5.28380   -0.03504    1.21805   40.25590  112.00000  112.00000    0.00000    0.24255    0.04936
  35.00000    0.00000    4.46328    4.99500    2.00937    2.00917 450883.40674    0.23007    0.04897    0.12800   -5.26065   -0.03501    1.21793   40.30352   97.99000   98.00000    0.00000    0.23412    0.04983
  36.00000    0.00000    4.46328    4.99500    2.11666    2.11666 450675.53990    0.22655    0.04804    0.12800   -5.25204   -0.03505    1.21774   40.31378   93.00000   93.00000    0.00000    0.23053    0.04888
  37.00000    0.00000    4.46328    4.99500    2.26392    2.26418 450919.97994    0.22167    0.04998    0.12811   -5.23946   -0.03512    1.21778   40.35880   87.00000   86.99000    0.00000    0.22559    0.05086
  38.00000    0.00000    6.77812    4.99500    1.75782    1.75782 450779.94649    0.77727    0.06330    0.11005   -2.33134   -0.03119    1.21786   40.24383  112.00000  112.00000    0.00000    0.79093    0.06441
  39.00000    0.00000    6.77812    4.99500    2.00883    2.00883 450760.34582    0.76680    0.06380    0.11059   -2.30226   -0.03143    1.21787   40.29669   98.00000   98.00000    0.00000    0.78030    0.06492
  40.00000    0.00000    6.77812    4.99500    2.11643    2.11643 450724.97505    0.76306    0.06303    0.11085   -2.29173   -0.03154    1.21801   40.30935   93.00000   93.00000    0.00000    0.77646    0.06414
  41.00000    0.00000    6.77812    4.99500    2.26275    2.26275 450762.73897    0.75809    0.06484    0.11133   -2.27840   -0.03173    1.21795   40.33778   87.00000   87.00000    0.00000    0.77148    0.06599
  42.00000    0.00000    4.14474   10.00000    1.75782    1.75782 450604.71874    0.27447    0.06593    0.20021   -4.96285   -0.05084    1.21769   40.26259  112.00000  112.00000    0.00000    0.27955    0.06715
  43.00000    0.00000    4.14474   10.00000    2.00883    2.00883 450401.18760    0.26576    0.06464    0.19988   -4.93873   -0.05076    1.21739   40.31368   98.00000   98.00000    0.00000    0.27067    0.06583
  44.00000    0.00000    4.14474   10.00000    2.11662    2.11662 450302.15844    0.26207    0.06373    0.20007   -4.92846   -0.05086    1.21735   40.32965   93.00000   93.00000    0.00000    0.26690    0.06490
  45.00000    0.00000    4.14474   10.00000    2.26183    2.26183 450113.80576    0.25773    0.06458    0.19993   -4.91652   -0.05095    1.21729   40.33708   87.00000   87.00000    0.00000    0.26249    0.06577
  46.00000    0.00000    6.72841   10.00000    1.75745    1.75745 450340.16138    0.80448    0.07902    0.18059   -2.30901   -0.04879    1.21749   40.25403  112.00000  112.00000    0.00000    0.81938    0.08048
  47.00000    0.00000    6.72841   10.00000    2.00878    2.00898 450467.16460    0.79514    0.07776    0.18078   -2.28257   -0.04889    1.21745   40.31668   98.01000   98.00000    0.00000    0.80982    0.07920
  48.00000    0.00000    6.72841   10.00000    2.11749    2.11749 450580.83704    0.79126    0.07677    0.18085   -2.27185   -0.04895    1.21747   40.34626   93.00000   93.00000    0.00000    0.80583    0.07818
  49.00000    0.00000    6.72841   10.00000    2.26345    2.26345 450569.91551    0.78644    0.07769    0.18106   -2.25853   -0.04910    1.21755   40.36605   87.00000   87.00000    0.00000    0.80096    0.07912
  50.00000  -10.00000    4.45225   -5.00000    1.60387    1.60387 338875.22105    0.24355    0.05396   -0.12545   -5.27980    0.03182    1.22022   30.14084   92.00000   92.00000    0.00000    0.24795    0.05493
  51.00000  -10.00000    4.45225   -5.00000    1.75800    1.75800 339102.33258    0.23765    0.05258   -0.12565   -5.26403    0.03172    1.22018   30.19706   84.00000   84.00000    0.00000    0.24192    0.05353
  52.00000  -10.00000    4.45225   -5.00000    1.99629    1.99629 339187.29434    0.23020    0.05231   -0.12529   -5.24099    0.03166    1.22007   30.24674   74.00000   74.00000    0.00000    0.23434    0.05325
  53.00000  -10.00000    4.45225   -5.00000    2.23737    2.23737 339062.11387    0.22320    0.05270   -0.12586   -5.22200    0.03194    1.22011   30.26415   66.00000   66.00000    0.00000    0.22722    0.05365
  54.00000  -10.00000    6.77371   -5.00000    1.60395    1.60395 338883.59746    0.78481    0.06826   -0.10815   -2.33870    0.02916    1.22025   30.14233   92.00000   92.00000    0.00000    0.79898    0.06949
  55.00000  -10.00000    6.77371   -5.00000    1.75697    1.75697 338966.71499    0.77813    0.06680   -0.10896   -2.31817    0.02923    1.22030   30.17928   84.00000   84.00000    0.00000    0.79212    0.06800
  56.00000  -10.00000    6.77371   -5.00000    1.99467    1.99467 339117.02899    0.76908    0.06672   -0.10914   -2.28886    0.02940    1.22055   30.22210   74.00000   74.00000    0.00000    0.78290    0.06792
  57.00000  -10.00000    6.77371   -5.00000    2.23634    2.23634 339104.23409    0.76091    0.06720   -0.10968   -2.26743    0.02971    1.22056   30.25016   66.00000   66.00000    0.00000    0.77460    0.06841
  58.00000  -10.00000    4.44500    0.00000    1.60567    1.60567 339304.29557    0.23064    0.04611   -0.02237   -5.24313    0.00646    1.22039   30.16762   92.00000   92.00000    0.00000    0.23469    0.04692
  59.00000  -10.00000    4.44500    0.00000    1.75770    1.75770 339130.59620    0.22607    0.04630   -0.02244   -5.23159    0.00667    1.22039   30.18573   84.00000   84.00000    0.00000    0.23004    0.04711
  60.00000  -10.00000    4.44500    0.00000    1.99454    1.99454 339044.43339    0.21894    0.04637   -0.02256   -5.21095    0.00680    1.22050   30.21427   74.00000   74.00000    0.00000    0.22279    0.04719
  61.00000  -10.00000    4.44500    0.00000    2.23795    2.23795 339301.18213    0.21216    0.04686   -0.02329   -5.19314    0.00703    1.22052   30.26616   66.00000   66.00000    0.00000    0.21590    0.04769
  62.00000  -10.00000    6.77023    0.00000    1.60460    1.60460 339125.29037    0.77614    0.06147   -0.01839   -2.32240    0.00427    1.22056   30.14738   92.00000   92.00000    0.00000    0.78977    0.06255
  63.00000  -10.00000    6.77023    0.00000    1.75597    1.75597 338935.64973    0.77027    0.06106   -0.02063   -2.30463    0.00470    1.22075   30.15595   84.00000   84.00000    0.00000    0.78381    0.06213
  64.00000  -10.00000    6.77023    0.00000    1.99499    1.99499 339222.03185    0.76120    0.06173   -0.02027   -2.27730    0.00492    1.22073   30.22110   74.00000   74.00000    0.00000    0.77458    0.06282
  65.00000  -10.00000    6.77023    0.00000    2.23770    2.23770 339423.42406    0.75413    0.06228   -0.02112   -2.25865    0.00536    1.22090   30.26277   66.00000   66.00000    0.00000    0.76741    0.06338
  66.00000  -10.00000    4.46321    5.00500    1.60524    1.60524 339388.79755    0.23654    0.05178    0.09263   -5.28123   -0.01973    1.22089   30.16250   92.00000   92.00000    0.00000    0.24074    0.05270
  67.00000  -10.00000    4.46321    5.00500    1.75800    1.75800 339312.24861    0.23042    0.05038    0.09221   -5.26633   -0.01939    1.22080   30.19273   84.00000   84.00000    0.00000    0.23450    0.05127
  68.00000  -10.00000    4.46321    5.00500    1.99595    1.99595 339355.00789    0.22292    0.04980    0.09106   -5.24196   -0.01922    1.22075   30.23691   74.00000   74.00000    0.00000    0.22686    0.05068
  69.00000  -10.00000    4.46321    5.00500    2.23588    2.23588 339064.92941    0.21541    0.05017    0.09095   -5.22308   -0.01919    1.22080   30.23928   66.00000   66.00000    0.00000    0.21922    0.05106
  70.00000  -10.00000    6.77767    5.00500    1.60552    1.60552 339466.31464    0.77874    0.06700    0.08643   -2.34073   -0.02014    1.22099   30.16769   92.00000   92.00000    0.00000    0.79257    0.06819
  71.00000  -10.00000    6.77767    5.00500    1.75730    1.75730 339395.82643    0.77200    0.06556    0.08650   -2.31986   -0.01990    1.22135   30.18068   84.00000   84.00000    0.00000    0.78566    0.06672
  72.00000  -10.00000    6.77767    5.00500    1.99455    1.99455 339361.30196    0.76273    0.06505    0.08575   -2.29077   -0.01973    1.22136   30.21578   74.00000   74.00000    0.00000    0.77620    0.06620
  73.00000  -10.00000    6.77767    5.00500    2.23657    2.23657 339395.82643    0.75370    0.06561    0.08540   -2.26927   -0.01967    1.22135   30.24864   66.00000   66.00000    0.00000    0.76703    0.06677
  74.00000  -10.00000    4.18633   10.00000    1.60512    1.60529 339523.72992    0.27154    0.06640    0.18376   -4.99826   -0.04111    1.22134   30.17494   92.01000   92.00000    0.00000    0.27657    0.06763
  75.00000  -10.00000    4.18633   10.00000    1.75747    1.75747 339346.41202    0.26585    0.06155    0.18320   -4.98056   -0.04084    1.22122   30.19236   84.00000   84.00000    0.00000    0.27071    0.06268
  76.00000  -10.00000    4.18633   10.00000    1.99493    1.99493 339315.09885    0.25735    0.05977    0.18230   -4.95733   -0.04065    1.22117   30.22930   74.00000   74.00000    0.00000    0.26203    0.06086
  77.00000  -10.00000    4.18633   10.00000    2.23636    2.23636 339223.03068    0.24975    0.05963    0.18187   -4.93503   -0.04071    1.22111   30.25332   66.00000   66.00000    0.00000    0.25429    0.06071
  78.00000  -10.00000    6.73638   10.00000    1.60451    1.60451 339298.99303    0.79907    0.08040    0.16370   -2.30050   -0.03928    1.22122   30.16020   92.00000   92.00000    0.00000    0.81389    0.08189
  79.00000  -10.00000    6.73638   10.00000    1.75691    1.75691 339260.16440    0.79407    0.07569    0.16371   -2.28203   -0.03918    1.22126   30.18278   84.00000   84.00000    0.00000    0.80859    0.07707
  80.00000  -10.00000    6.73638   10.00000    1.99538    1.99538 339534.74396    0.78605    0.07397    0.16377   -2.25930   -0.03929    1.22154   30.23625   74.00000   74.00000    0.00000    0.80035    0.07532
  81.00000  -10.00000    6.73638   10.00000    2.23691    2.23691 339508.14357    0.77784    0.07381    0.16363   -2.23748   -0.03938    1.22160   30.26078   66.00000   66.00000    0.00000    0.79199    0.07515
  82.00000  -10.00000    4.39598   -4.99500    1.75827    1.75827 452006.98669    0.24290    0.04984   -0.12388   -5.20322    0.03103    1.22037   40.25926  112.00000  112.00000    0.00000    0.24723    0.05073
  83.00000  -10.00000    4.39598   -4.99500    2.00942    2.00942 451669.29899    0.23466    0.05041   -0.12416   -5.17970    0.03108    1.21987   40.31378   98.00000   98.00000    0.00000    0.23885    0.05131
  84.00000  -10.00000    4.39598   -4.99500    2.11698    2.11698 451515.44963    0.23140    0.04943   -0.12437   -5.17099    0.03117    1.21983   40.32476   93.00000   93.00000    0.00000    0.23552    0.05031
  85.00000  -10.00000    4.39598   -4.99500    2.26185    2.26185 451188.22982    0.22736    0.05129   -0.12485   -5.15869    0.03132    1.21968   40.32678   87.00000   87.00000    0.00000    0.23143    0.05221
  86.00000  -10.00000    6.76900   -4.99500    1.75656    1.75656 451098.84945    0.78449    0.06387   -0.10752   -2.32345    0.02844    1.21973   40.21994  112.00000  112.00000    0.00000    0.79848    0.06501
  87.00000  -10.00000    6.76900   -4.99500    2.00848    2.00848 451393.91472    0.77382    0.06461   -0.10838   -2.29347    0.02874    1.21986   40.29482   98.00000   98.00000    0.00000    0.78765    0.06576
  88.00000  -10.00000    6.76900   -4.99500    2.11631    2.11631 451338.97673    0.77015    0.06380   -0.10877   -2.28231    0.02888    1.21980   40.31197   93.00000   93.00000    0.00000    0.78387    0.06494
  89.00000  -10.00000    6.76900   -4.99500    2.26253    2.26253 451359.16804    0.76523    0.06574   -0.10931   -2.26846    0.02907    1.21978   40.33885   87.00000   87.00000    0.00000    0.77894    0.06692
  90.00000  -10.00000    4.43518    0.00000    1.75782    1.75782 451094.88311    0.23072    0.04151   -0.02076   -5.22118    0.00667    1.21931   40.23855  112.00000  112.00000    0.00000    0.23471    0.04223
  91.00000  -10.00000    4.43518    0.00000    2.00834    2.00855 450857.86107    0.22336    0.04279   -0.02178   -5.20050    0.00685    1.21910   40.28652   98.01000   98.00000    0.00000    0.22724    0.04353
  92.00000  -10.00000    4.43518    0.00000    2.11657    2.11657 450814.51980    0.21995    0.04229   -0.02277   -5.19232    0.00704    1.21903   40.30789   93.00000   93.00000    0.00000    0.22377    0.04302
  93.00000  -10.00000    4.43518    0.00000    2.26251    2.26251 450706.02546    0.21571    0.04482   -0.02439   -5.18192    0.00732    1.21888   40.33023   87.00000   87.00000    0.00000    0.21948    0.04560
  94.00000  -10.00000    6.77605    0.00000    1.75749    1.75749 450876.61089    0.77590    0.05736   -0.01970   -2.32011    0.00550    1.21918   40.23087  112.00000  112.00000    0.00000    0.78933    0.05835
  95.00000  -10.00000    6.77605    0.00000    2.00782    2.00782 450873.48811    0.76776    0.05886   -0.01975   -2.29421    0.00609    1.21945   40.27189   98.00000   98.00000    0.00000    0.78110    0.05988
  96.00000  -10.00000    6.77605    0.00000    2.11602    2.11602 450950.24585    0.76312    0.05786   -0.02347   -2.28411    0.00614    1.21951   40.29741   93.00000   93.00000    0.00000    0.77636    0.05886
  97.00000  -10.00000    6.77605    0.00000    2.26280    2.26280 451007.60935    0.75863    0.05988   -0.02234   -2.27191    0.00636    1.21931   40.33533   87.00000   87.00000    0.00000    0.77190    0.06093
  98.00000  -10.00000    4.46428    5.00500    1.75708    1.75708 450598.89824    0.23434    0.04769    0.08901   -5.26844   -0.01846    1.21897   40.22626  112.00000  112.00000    0.00000    0.23845    0.04853
  99.00000  -10.00000    4.46428    5.00500    2.00836    2.00836 450522.76392    0.22572    0.04814    0.08844   -5.24503   -0.01827    1.21877   40.28651   98.00000   98.00000    0.00000    0.22969    0.04899
 100.00000  -10.00000    4.46428    5.00500    2.11618    2.11641 450458.31179    0.22210    0.04726    0.08834   -5.23648   -0.01830    1.21869   40.30808   93.01000   93.00000    0.00000    0.22599    0.04809
 101.00000  -10.00000    4.46428    5.00500    2.26218    2.26218 450361.44099    0.21783    0.04909    0.08834   -5.22386   -0.01831    1.21859   40.32687   87.00000   87.00000    0.00000    0.22167    0.04996
 102.00000  -10.00000    6.77812    5.00500    1.75757    1.75757 450582.61257    0.77691    0.06269    0.08169   -2.32768   -0.01843    1.21885   40.23757  112.00000  112.00000    0.00000    0.79054    0.06379
 103.00000  -10.00000    6.77812    5.00500    2.00811    2.00811 450647.47712    0.76658    0.06313    0.08141   -2.29758   -0.01829    1.21912   40.28166   98.00000   98.00000    0.00000    0.78005    0.06424
 104.00000  -10.00000    6.77812    5.00500    2.11666    2.11666 450797.38953    0.76265    0.06239    0.08140   -2.28734   -0.01829    1.21920   40.31285   93.00000   93.00000    0.00000    0.77602    0.06348
 105.00000  -10.00000    6.77812    5.00500    2.26258    2.26258 450694.55171    0.75781    0.06417    0.08146   -2.27361   -0.01832    1.21905   40.33401   87.00000   87.00000    0.00000    0.77117    0.06530
 106.00000  -10.00000    4.14474   10.00000    1.75766    1.75766 450487.06032    0.27000    0.06214    0.16163   -4.94577   -0.03443    1.21873   40.25491  112.00000  112.00000    0.00000    0.27495    0.06328
 107.00000  -10.00000    4.14474   10.00000    2.00813    2.00833 450248.31802    0.26082    0.06083    0.16104   -4.92113   -0.03426    1.21851   40.29950   98.01000   98.00000    0.00000    0.26558    0.06194
 108.00000  -10.00000    4.14474   10.00000    2.11626    2.11626 450144.49777    0.25713    0.05982    0.16100   -4.90998   -0.03431    1.21838   40.31865   93.00000   93.00000    0.00000    0.26181    0.06091
 109.00000  -10.00000    4.14474   10.00000    2.26257    2.26257 450156.79351    0.25285    0.06081    0.16090   -4.89795   -0.03440    1.21829   40.34631   87.00000   87.00000    0.00000    0.25747    0.06192
 110.00000  -10.00000    6.72841   10.00000    1.75684    1.75684 450029.78631    0.80184    0.07555    0.14696   -2.29679   -0.03368    1.21839   40.23605  112.00000  112.00000    0.00000    0.81653    0.07693
 111.00000  -10.00000    6.72841   10.00000    2.00872    2.00872 450481.58607    0.79268    0.07428    0.14725   -2.27139   -0.03389    1.21880   40.30730   98.00000   98.00000    0.00000    0.80715    0.07564
 112.00000  -10.00000    6.72841   10.00000    2.11682    2.11682 450513.34273    0.78892    0.07316    0.14742   -2.26029   -0.03398    1.21883   40.32942   93.00000   93.00000    0.00000    0.80328    0.07449
 113.00000  -10.00000    6.72841   10.00000    2.26335    2.26335 450624.67117    0.78410    0.07417    0.14733   -2.24740   -0.03402    1.21884   40.36016   87.00000   87.00000    0.00000    0.79841    0.07552
 114.00000    0.00000    4.46421    4.99500    1.60522    1.60522 339280.16063    0.23958    0.05254    0.13171   -5.29436   -0.03617    1.22171   30.16250   92.00000   92.00000    0.00000    0.24384    0.05347
 115.00000    0.00000    4.46421    4.99500    1.75759    1.75759 339119.10337    0.23341    0.05099    0.13153   -5.27831   -0.03593    1.22158   30.18584   84.00000   84.00000    0.00000    0.23754    0.05189
 116.00000    0.00000    4.46421    4.99500    1.99543    1.99543 339184.25683    0.22561    0.05044    0.13069   -5.25542   -0.03584    1.22165   30.22940   74.00000   74.00000    0.00000    0.22960    0.05133
 117.00000    0.00000    4.46421    4.99500    2.23707    2.23707 339084.38389    0.21798    0.05090    0.13073   -5.23538   -0.03596    1.22148   30.25603   66.00000   66.00000    0.00000    0.22184    0.05180
 118.00000    0.00000    6.77767    4.99500    1.60464    1.60464 339107.45544    0.77907    0.06736    0.11368   -2.34437   -0.03239    1.22159   30.15171   92.00000   92.00000    0.00000    0.79293    0.06856
 119.00000    0.00000    6.77767    4.99500    1.75689    1.75689 339143.12620    0.77315    0.06596    0.11424   -2.32419   -0.03240    1.22192   30.17393   84.00000   84.00000    0.00000    0.78684    0.06713
 120.00000    0.00000    6.77767    4.99500    1.99456    1.99456 339250.29705    0.76249    0.06549    0.11411   -2.29510   -0.03250    1.22209   30.21621   74.00000   74.00000    0.00000    0.77598    0.06665
 121.00000    0.00000    6.77767    4.99500    2.23587    2.23587 339174.55096    0.75459    0.06616    0.11443   -2.27365   -0.03271    1.22206   30.23976   66.00000   66.00000    0.00000    0.76796    0.06733
 122.00000    0.00000    4.46428    4.99500    1.75808    1.75808 451830.39665    0.23806    0.04854    0.12839   -5.28139   -0.03512    1.22098   40.24983  112.00000  112.00000    0.00000    0.24224    0.04939
 123.00000    0.00000    4.46428    4.99500    2.00855    2.00855 451415.68148    0.22973    0.04889    0.12821   -5.25782   -0.03507    1.22057   40.29107   98.00000   98.00000    0.00000    0.23377    0.04975
 124.00000    0.00000    4.46428    4.99500    2.11681    2.11681 451314.86880    0.22634    0.04797    0.12818   -5.24936   -0.03509    1.22037   40.31660   93.00000   93.00000    0.00000    0.23032    0.04881
 125.00000    0.00000    4.46428    4.99500    2.26244    2.26244 451116.37004    0.22178    0.04982    0.12827   -5.23680   -0.03518    1.22023   40.33237   87.00000   87.00000    0.00000    0.22570    0.05070
 126.00000    0.00000    6.77812    4.99500    1.75694    1.75694 451119.42518    0.77720    0.06315    0.11034   -2.32906   -0.03132    1.22042   40.22349  112.00000  112.00000    0.00000    0.79086    0.06426
 127.00000    0.00000    6.77812    4.99500    2.00837    2.00837 451238.74690    0.76676    0.06364    0.11094   -2.29961   -0.03158    1.22043   40.28752   98.00000   98.00000    0.00000    0.78026    0.06476
 128.00000    0.00000    6.77812    4.99500    2.11629    2.11629 451274.33429    0.76311    0.06287    0.11120   -2.28884   -0.03169    1.22057   40.30655   93.00000   93.00000    0.00000    0.77651    0.06397
 129.00000    0.00000    6.77812    4.99500    2.26230    2.26230 451258.55318    0.75800    0.06471    0.11155   -2.27551   -0.03186    1.22056   40.32988   87.00000   87.00000    0.00000    0.77139    0.06585
 130.00000    0.00000    4.44600    0.00000    1.60535    1.60535 338911.05698    0.23254    0.04450    0.01371   -5.25627   -0.00880    1.22114   30.16012   92.00000   92.00000    0.00000    0.23660    0.04528
 131.00000    0.00000    4.44600    0.00000    1.75839    1.75818 338941.23203    0.22784    0.04472    0.01368   -5.24400   -0.00872    1.22122   30.19243   83.99000   84.00000    0.00000    0.23182    0.04550
 132.00000    0.00000    4.44600    0.00000    1.99571    1.99571 338979.76612    0.22132    0.04474    0.01390   -5.22248   -0.00879    1.22130   30.23057   74.00000   74.00000    0.00000    0.22519    0.04552
 133.00000    0.00000    4.44600    0.00000    2.23654    2.23654 338900.03543    0.21384    0.04521    0.01365   -5.20517   -0.00872    1.22153   30.24564   66.00000   66.00000    0.00000    0.21758    0.04600
 134.00000    0.00000    6.77023    0.00000    1.60519    1.60519 339099.87577    0.77318    0.06000    0.01174   -2.31764   -0.00919    1.22164   30.15709   92.00000   92.00000    0.00000    0.78668    0.06105
 135.00000    0.00000    6.77023    0.00000    1.75744    1.75744 339096.43385    0.76831    0.05947    0.00956   -2.30069   -0.00896    1.22183   30.17970   84.00000   84.00000    0.00000    0.78172    0.06051
 136.00000    0.00000    6.77023    0.00000    1.99497    1.99497 339213.74304    0.75991    0.06007    0.01162   -2.27532   -0.00930    1.22210   30.21940   74.00000   74.00000    0.00000    0.77319    0.06112
 137.00000    0.00000    6.77023    0.00000    2.23607    2.23607 339123.65472    0.75285    0.06052    0.01182   -2.25756   -0.00927    1.22210   30.23928   66.00000   66.00000    0.00000    0.76603    0.06158
 138.00000    0.00000    4.44600    0.00000    1.75791    1.75791 340515.58683    0.27853    0.04519    0.01348   -5.40040   -0.00884    1.22499   30.18766   84.00000   84.00000    5.00000    0.28339    0.04598
 139.00000    0.00000    4.44600    0.00000    1.99573    1.99573 340442.28161    0.26916    0.04547    0.01436   -5.37321   -0.00886    1.22476   30.23096   74.00000   74.00000    5.00000    0.27386    0.04626
 140.00000    0.00000    4.44600    0.00000    1.75924    1.75924 340655.98950    0.27757    0.04504    0.01147   -5.39979   -0.00889    1.22480   30.21064   84.00000   84.00000    5.00000    0.28242    0.04583
 141.00000    0.00000    6.77123    0.00000    1.99409    1.99409 340191.77260    0.80635    0.06380    0.01089   -2.42630   -0.00898    1.22490   30.20604   74.00000   74.00000    5.00000    0.82044    0.06491
 142.00000    0.00000    4.46321    4.99500    1.75771    1.75771 340387.29363    0.28591    0.05165    0.13077   -5.44117   -0.03572    1.22490   30.18801   84.00000   84.00000    5.00000    0.29097    0.05256
 143.00000    0.00000    4.46321    4.99500    1.99507    1.99507 340310.10692    0.27578    0.05127    0.13008   -5.41180   -0.03564    1.22479   30.22406   74.00000   74.00000    5.00000    0.28066    0.05218
 144.00000    0.00000    6.77767    4.99500    1.75703    1.75703 340240.10866    0.82531    0.06997    0.11396   -2.49292   -0.03233    1.22491   30.17625   84.00000   84.00000    5.00000    0.83993    0.07121
 145.00000    0.00000    6.77767    4.99500    1.99489    1.99462 340304.99196    0.81292    0.06950    0.11370   -2.45682   -0.03240    1.22498   30.21714   73.99000   74.00000    5.00000    0.82730    0.07073
 146.00000    0.00000    4.43418    0.00000    1.75772    1.75772 452921.30581    0.28284    0.04031    0.01625   -5.38900   -0.00893    1.22355   40.23393  112.00000  112.00000    5.00000    0.28770    0.04100
 147.00000    0.00000    4.43418    0.00000    2.00818    2.00818 452562.29800    0.27335    0.04177    0.01511   -5.36062   -0.00901    1.22323   40.27709   98.00000   98.00000    5.00000    0.27807    0.04249
 148.00000    0.00000    6.77605    0.00000    1.75783    1.75783 452681.42361    0.82239    0.05950    0.00905   -2.47243   -0.00834    1.22319   40.23646  112.00000  112.00000    5.00000    0.83653    0.06052
 149.00000    0.00000    6.77605    0.00000    2.00823    2.00823 452525.26343    0.81127    0.06056    0.00856   -2.43915   -0.00829    1.22320   40.27808   98.00000   98.00000    5.00000    0.82528    0.06161
 150.00000    0.00000    4.46328    4.99500    1.75715    1.75715 452206.42025    0.29008    0.04905    0.12782   -5.44549   -0.03495    1.22278   40.22842  112.00000  112.00000    5.00000    0.29518    0.04991
 151.00000    0.00000    4.46328    4.99500    2.00839    2.00839 452105.56852    0.27886    0.04971    0.12775   -5.41383   -0.03493    1.22257   40.28785   98.00000   98.00000    5.00000    0.28377    0.05059
 152.00000    0.00000    6.77812    4.99500    1.75708    1.75708 452052.23309    0.82938    0.06711    0.11004   -2.49730   -0.03125    1.22261   40.22685  112.00000  112.00000    5.00000    0.84396    0.06829
 153.00000    0.00000    6.77812    4.99500    2.00924    2.00903 452277.35047    0.81632    0.06761    0.11049   -2.45910   -0.03145    1.22264   40.30080   97.99000   98.00000    5.00000    0.83069    0.06880
 154.00000    0.00000    6.77023    0.00000    1.75891    1.75891 339836.15766    0.81508    0.06355    0.00944   -2.45609   -0.00888    1.22354   30.20496   84.00000   84.00000    5.00000    0.82931    0.06466
