# run        AoA        AoS        Re        CL        CD        CY        CMpitch        CMyaw        rho        V        rpsM1        rpsM2
   1.00000   -0.00000  -10.00000 436069.44968    0.31743    0.06734   -0.08468   -0.15486    0.00831    1.19938   40.35425    0.00000    0.00000
   2.00000   -0.00000   -9.00000 435965.21782    0.31357    0.05705   -0.12534   -0.11921    0.02331    1.19915   40.34647    0.00000    0.00000
   3.00000   -0.00000   -8.00000 435834.27638    0.31124    0.05494   -0.11083   -0.12132    0.02173    1.19898   40.34264    0.00000    0.00000
   4.00000   -0.00000   -7.00000 435737.19771    0.30786    0.05324   -0.09443   -0.12427    0.01941    1.19876   40.34066    0.00000    0.00000
   5.00000   -0.00000   -6.00000 435558.32314    0.30069    0.05207   -0.07694   -0.12894    0.01639    1.19867   40.32903    0.00000    0.00000
   6.00000   -0.00000   -5.00000 435541.73376    0.29593    0.05097   -0.05682   -0.13230    0.01241    1.19845   40.33816    0.00000    0.00000
   7.00000   -0.00000   -4.00000 435342.05558    0.29661    0.04977   -0.03935   -0.13351    0.00942    1.19833   40.32416    0.00000    0.00000
   8.00000   -0.00000   -3.00000 435290.19944    0.29591    0.04880   -0.02411   -0.13363    0.00674    1.19818   40.32745    0.00000    0.00000
   9.00000   -0.00000   -2.00000 435235.77666    0.29430    0.04815   -0.01005   -0.13379    0.00431    1.19807   40.32853    0.00000    0.00000
  10.00000   -0.00000   -1.00000 435188.40086    0.29352    0.04759    0.00441   -0.13372    0.00199    1.19797   40.32909    0.00000    0.00000
  11.00000   -0.00000    0.00000 435079.31194    0.29326    0.04732    0.01230   -0.13255   -0.00033    1.19782   40.33462    0.00000    0.00000
  12.00000   -0.00000    1.00000 435014.34175    0.29357    0.04771    0.01116   -0.13225   -0.00336    1.19773   40.32507    0.00000    0.00000
  13.00000   -0.00000    2.00000 434977.14770    0.29401    0.04796    0.02152   -0.13139   -0.00625    1.19766   40.32778    0.00000    0.00000
  14.00000   -0.00000    2.99500 434909.92273    0.29474    0.04858    0.03757   -0.13021   -0.00902    1.19754   40.32934    0.00000    0.00000
  15.00000   -0.00000    4.00500 434884.18612    0.29294    0.04944    0.05376   -0.12895   -0.01241    1.19751   40.32904    0.00000    0.00000
  16.00000   -0.00000    5.00500 434883.58032    0.29148    0.05019    0.07110   -0.12582   -0.01566    1.19748   40.33239    0.00000    0.00000
  17.00000   -0.00000    5.99500 434667.99619    0.30193    0.05071    0.08862   -0.11999   -0.01886    1.19737   40.31972    0.00000    0.00000
  18.00000   -0.00000    7.00000 434705.37707    0.30622    0.05176    0.10494   -0.11497   -0.02128    1.19729   40.32985    0.00000    0.00000
  19.00000   -0.00000    8.00000 434671.53945    0.30930    0.05382    0.11861   -0.11332   -0.02275    1.19722   40.33383    0.00000    0.00000
  20.00000   -0.00000    8.99500 434640.31847    0.31148    0.05636    0.13057   -0.11266   -0.02351    1.19712   40.34007    0.00000    0.00000
  21.00000   -0.00000   10.00000 434497.10669    0.31374    0.06038    0.13530   -0.11850   -0.02206    1.19702   40.33787    0.00000    0.00000
  22.00000   -0.00000   -9.99500 217893.52251    0.31741    0.07251   -0.03343   -0.18883   -0.00654    1.19893   20.17887    0.00000    0.00000
  23.00000   -0.00000   -9.00000 218006.47868    0.31493    0.06967   -0.02103   -0.18570   -0.00741    1.19921   20.17992    0.00000    0.00000
  24.00000   -0.00000   -8.00000 218066.71554    0.31436    0.06721   -0.01017   -0.17979   -0.00809    1.19928   20.18192    0.00000    0.00000
  25.00000   -0.00000   -7.00000 218222.22165    0.31383    0.06466   -0.00199   -0.17384   -0.00800    1.19946   20.18979    0.00000    0.00000
  26.00000   -0.00000   -6.00000 218064.89045    0.31013    0.06231    0.00416   -0.16805   -0.00739    1.19963   20.16848    0.00000    0.00000
  27.00000   -0.00000   -4.99500 218133.61483    0.30019    0.05790   -0.01026   -0.15231   -0.00112    1.19967   20.17055    0.00000    0.00000
  28.00000   -0.00000   -4.00500 218145.95679    0.29976    0.05439   -0.01870   -0.14348    0.00358    1.19979   20.16586    0.00000    0.00000
  29.00000   -0.00000   -3.00000 218036.40304    0.30126    0.05079   -0.02599   -0.13761    0.00745    1.19991   20.14988    0.00000    0.00000
  30.00000   -0.00000   -2.00000 218455.13633    0.29912    0.05033   -0.01224   -0.14026    0.00499    1.20001   20.18511    0.00000    0.00000
  31.00000   -0.00000   -1.00000 218304.40514    0.29806    0.05027    0.00119   -0.14116    0.00247    1.20015   20.16730    0.00000    0.00000
  32.00000   -0.00000    0.00000 218347.82550    0.29877    0.05059    0.01184   -0.14068   -0.00044    1.20026   20.16959    0.00000    0.00000
  33.00000   -0.00000    1.00000 218396.41388    0.29969    0.05011    0.01671   -0.13931   -0.00341    1.20037   20.16918    0.00000    0.00000
  34.00000   -0.00000    2.00000 218402.61463    0.29985    0.05089    0.02860   -0.13915   -0.00633    1.20043   20.16821    0.00000    0.00000
  35.00000   -0.00000    3.00000 218473.51997    0.29999    0.05094    0.03963   -0.13708   -0.00932    1.20055   20.17111    0.00000    0.00000
  36.00000   -0.00000    4.00000 218389.61491    0.29807    0.05206    0.05473   -0.13572   -0.01251    1.20067   20.16096    0.00000    0.00000
  37.00000   -0.00000    5.00500 218629.26551    0.30073    0.05941    0.01459   -0.16108    0.00166    1.20073   20.18504    0.00000    0.00000
  38.00000   -0.00000    5.99500 218605.88908    0.31029    0.06292    0.00984   -0.16958    0.00506    1.20071   20.18521    0.00000    0.00000
  39.00000   -0.00000    7.00000 218476.28823    0.31312    0.06515    0.01620   -0.17204    0.00550    1.20084   20.17053    0.00000    0.00000
  40.00000   -0.00000    8.00500 218652.33126    0.31448    0.06765    0.02730   -0.17648    0.00468    1.20085   20.18748    0.00000    0.00000
  41.00000   -0.00000    9.00000 218530.40617    0.31616    0.07023    0.03887   -0.18063    0.00388    1.20091   20.17662    0.00000    0.00000
  42.00000   -0.00000   10.00500 218673.50020    0.31991    0.07330    0.05139   -0.18415    0.00282    1.20095   20.18963    0.00000    0.00000
  43.00000   -0.00000   -9.99500 327640.21903    0.31561    0.07233   -0.05006   -0.17918   -0.00188    1.20057   30.26689    0.00000    0.00000
  44.00000   -0.00000   -9.00000 327595.25744    0.31335    0.06919   -0.03979   -0.17379   -0.00215    1.20040   30.26853    0.00000    0.00000
  45.00000   -0.00000   -8.00000 327547.72176    0.31169    0.06622   -0.02926   -0.16886   -0.00257    1.20029   30.26635    0.00000    0.00000
  46.00000   -0.00000   -7.00000 327613.28668    0.30874    0.06251   -0.02922   -0.16128   -0.00020    1.20022   30.27275    0.00000    0.00000
  47.00000   -0.00000   -6.00000 327594.18126    0.30210    0.05818   -0.03761   -0.15142    0.00473    1.20010   30.27221    0.00000    0.00000
  48.00000   -0.00000   -4.99500 327516.00686    0.29238    0.05178   -0.05999   -0.13151    0.01374    1.20006   30.26153    0.00000    0.00000
  49.00000   -0.00000   -4.00500 327619.32125    0.29452    0.05069   -0.04194   -0.13270    0.01028    1.19999   30.27261    0.00000    0.00000
  50.00000   -0.00000   -3.00000 327510.51270    0.29450    0.04966   -0.02613   -0.13368    0.00746    1.20003   30.26072    0.00000    0.00000
  51.00000   -0.00000   -2.00000 327309.88668    0.29298    0.04941   -0.01374   -0.13518    0.00497    1.19993   30.24585    0.00000    0.00000
  52.00000   -0.00000   -1.00000 327322.48390    0.29220    0.04935   -0.00128   -0.13512    0.00242    1.19992   30.24737    0.00000    0.00000
  53.00000   -0.00000   -0.00500 327351.54689    0.29249    0.04955    0.00927   -0.13475   -0.00029    1.19979   30.25530    0.00000    0.00000
  54.00000   -0.00000    1.00000 327308.90642    0.29258    0.04847    0.01569   -0.13237   -0.00289    1.19979   30.25022    0.00000    0.00000
  55.00000   -0.00000    1.99500 327353.16707    0.29337    0.04928    0.02398   -0.13201   -0.00628    1.19980   30.25472    0.00000    0.00000
  56.00000   -0.00000    3.00500 327260.78074    0.29342    0.04970    0.03862   -0.13119   -0.00937    1.19976   30.24833    0.00000    0.00000
  57.00000   -0.00000    4.00000 327166.74878    0.29159    0.05056    0.05597   -0.12933   -0.01311    1.19975   30.24063    0.00000    0.00000
  58.00000   -0.00000    5.00500 327244.94542    0.29106    0.05143    0.07314   -0.12661   -0.01600    1.19975   30.24856    0.00000    0.00000
  59.00000   -0.00000    5.99500 327043.63393    0.30261    0.05188    0.09150   -0.11995   -0.01958    1.19975   30.23111    0.00000    0.00000
  60.00000   -0.00000    7.00000 327360.27175    0.30497    0.05284    0.10795   -0.11424   -0.02210    1.19968   30.26367    0.00000    0.00000
  61.00000   -0.00000    8.00000 327084.72811    0.30743    0.05448    0.12450   -0.11042   -0.02447    1.19965   30.24098    0.00000    0.00000
  62.00000   -0.00000    9.00000 327019.14323    0.30875    0.05686    0.14005   -0.10656   -0.02631    1.19960   30.23892    0.00000    0.00000
  63.00000   -0.00000   10.00000 327170.68995    0.31043    0.05951    0.15343   -0.10472   -0.02751    1.19952   30.25777    0.00000    0.00000
   1.00000    0.00000  -10.00000 540072.02287    0.32023    0.05973   -0.12123   -0.12817    0.01936    1.19227   50.43518    0.00000    0.00000
   2.00000    0.00000   -9.00000 540010.09432    0.31734    0.05703   -0.11333   -0.12654    0.01970    1.19183   50.46024    0.00000    0.00000
   3.00000    0.00000   -8.00000 539394.17234    0.31411    0.05480   -0.10181   -0.12630    0.01898    1.19145   50.42806    0.00000    0.00000
   4.00000    0.00000   -7.00000 539463.25463    0.30890    0.05294   -0.08729   -0.12804    0.01719    1.19124   50.44717    0.00000    0.00000
   5.00000    0.00000   -6.00000 539312.55002    0.30369    0.05133   -0.07113   -0.13063    0.01455    1.19110   50.44244    0.00000    0.00000
   6.00000    0.00000   -5.00000 539001.93160    0.29894    0.05011   -0.05313   -0.13315    0.01133    1.19083   50.42956    0.00000    0.00000
   7.00000    0.00000   -4.00000 538768.43003    0.29942    0.04890   -0.03653   -0.13374    0.00863    1.19071   50.41513    0.00000    0.00000
   8.00000    0.00000   -3.00000 538939.55891    0.29830    0.04783   -0.02104   -0.13364    0.00621    1.19068   50.43365    0.00000    0.00000
   9.00000    0.00000   -2.00000 538704.48323    0.29788    0.04647   -0.01073   -0.13253    0.00392    1.19057   50.41823    0.00000    0.00000
  10.00000    0.00000   -0.99500 538561.56377    0.29744    0.04617    0.00213   -0.13260    0.00150    1.19040   50.41723    0.00000    0.00000
  11.00000    0.00000   -0.00500 538592.72075    0.29644    0.04608    0.01511   -0.13204   -0.00083    1.19032   50.42735    0.00000    0.00000
  12.00000    0.00000    1.00000 538377.84910    0.29569    0.04606    0.02120   -0.13094   -0.00328    1.19018   50.41449    0.00000    0.00000
  13.00000    0.00000    1.99500 538217.17106    0.29622    0.04722    0.02402   -0.13129   -0.00636    1.19004   50.41228    0.00000    0.00000
  14.00000    0.00000    3.00500 538028.01353    0.29749    0.04791    0.03806   -0.13016   -0.00901    1.18989   50.40708    0.00000    0.00000
  15.00000    0.00000    4.00000 537943.48843    0.29641    0.04865    0.05225   -0.12915   -0.01204    1.18983   50.40416    0.00000    0.00000
  16.00000    0.00000    5.00500 537995.69102    0.29425    0.04958    0.07007   -0.12661   -0.01534    1.18963   50.42545    0.00000    0.00000
  17.00000    0.00000    5.99500 537952.44105    0.30366    0.05003    0.08551   -0.12144   -0.01792    1.18962   50.42496    0.00000    0.00000
  18.00000    0.00000    7.00000 537775.09841    0.30965    0.05122    0.09913   -0.11807   -0.01960    1.18934   50.42550    0.00000    0.00000
  19.00000    0.00000    8.00000 537650.07272    0.31331    0.05373    0.10928   -0.11914   -0.02004    1.18928   50.42373    0.00000    0.00000
  20.00000    0.00000    8.99500 537444.47369    0.31651    0.05725    0.11600   -0.12423   -0.01931    1.18915   50.41871    0.00000    0.00000
  21.00000    0.00000   10.00000 537387.95782    0.31845    0.06021    0.12100   -0.12735   -0.01800    1.18908   50.42281    0.00000    0.00000
  22.00000    0.00000  -10.00000 323998.00076    0.31512    0.07281   -0.05172   -0.17880   -0.00141    1.19221   30.26985    0.00000    0.00000
  23.00000    0.00000   -9.00000 324239.76082    0.31282    0.06990   -0.04130   -0.17527   -0.00189    1.19234   30.28423    0.00000    0.00000
  24.00000    0.00000   -8.00000 323995.34146    0.31096    0.06708   -0.02936   -0.17125   -0.00268    1.19244   30.25419    0.00000    0.00000
  25.00000    0.00000   -7.00000 324185.09014    0.30846    0.06343   -0.02836   -0.16429   -0.00047    1.19250   30.26492    0.00000    0.00000
  26.00000    0.00000   -6.00000 324360.00251    0.30185    0.05918   -0.03631   -0.15548    0.00415    1.19261   30.27276    0.00000    0.00000
  27.00000    0.00000   -5.00000 324365.98209    0.29172    0.05278   -0.05843   -0.13475    0.01313    1.19278   30.26137    0.00000    0.00000
  28.00000    0.00000   -4.00000 324639.88005    0.29399    0.05162   -0.04060   -0.13636    0.00977    1.19293   30.27903    0.00000    0.00000
  29.00000    0.00000   -3.00000 324343.96539    0.29439    0.05052   -0.02508   -0.13679    0.00708    1.19298   30.24837    0.00000    0.00000
  30.00000    0.00000   -2.00000 324533.14532    0.29255    0.04999   -0.01276   -0.13681    0.00467    1.19309   30.26057    0.00000    0.00000
  31.00000    0.00000   -1.00000 324517.08509    0.29213    0.05014   -0.00117   -0.13768    0.00218    1.19316   30.25578    0.00000    0.00000
  32.00000    0.00000    0.00000 324587.77007    0.29263    0.05037    0.01015   -0.13777   -0.00053    1.19320   30.26094    0.00000    0.00000
  33.00000    0.00000    1.00000 324413.88227    0.29262    0.04926    0.01565   -0.13519   -0.00317    1.19322   30.24299    0.00000    0.00000
  34.00000    0.00000    1.99500 324466.74576    0.29346    0.05003    0.02398   -0.13485   -0.00650    1.19336   30.24194    0.00000    0.00000
  35.00000    0.00000    3.00500 324392.49092    0.29400    0.05039    0.03834   -0.13332   -0.00956    1.19338   30.23414    0.00000    0.00000
  36.00000    0.00000    4.00000 324315.94032    0.29067    0.05119    0.05576   -0.13180   -0.01329    1.19343   30.22556    0.00000    0.00000
  37.00000    0.00000    5.00500 324619.13164    0.29162    0.05206    0.07294   -0.12893   -0.01615    1.19342   30.25483    0.00000    0.00000
  38.00000    0.00000    5.99500 324668.82309    0.30176    0.05240    0.09126   -0.12165   -0.01967    1.19354   30.25358    0.00000    0.00000
  39.00000    0.00000    7.00000 324698.50319    0.30489    0.05355    0.10779   -0.11628   -0.02220    1.19363   30.25329    0.00000    0.00000
  40.00000    0.00000    8.00000 324629.23658    0.30676    0.05513    0.12442   -0.11202   -0.02460    1.19364   30.24777    0.00000    0.00000
  41.00000    0.00000    8.99500 324610.89738    0.30901    0.05744    0.13959   -0.10852   -0.02639    1.19374   30.24370    0.00000    0.00000
  42.00000    0.00000   10.00000 324749.44988    0.31057    0.06006    0.15294   -0.10694   -0.02759    1.19372   30.25933    0.00000    0.00000
   1.00000    4.99500  -10.00000 433881.37423    0.74996    0.07893   -0.08043   -0.08996    0.00885    1.19499   40.35669    0.00000    0.00000
   2.00000    4.99500   -9.00000 433575.91978    0.74611    0.06955   -0.11468   -0.05235    0.02363    1.19474   40.33176    0.00000    0.00000
   3.00000    4.99500   -8.00000 433574.21941    0.73996    0.06726   -0.10071   -0.05005    0.02163    1.19452   40.34186    0.00000    0.00000
   4.00000    4.99500   -7.00000 433371.25790    0.73880    0.06580   -0.08527   -0.05390    0.01893    1.19444   40.32394    0.00000    0.00000
   5.00000    4.99500   -6.00000 433385.68905    0.73451    0.06487   -0.06833   -0.05863    0.01558    1.19430   40.33219    0.00000    0.00000
   6.00000    4.99500   -5.00000 433327.30994    0.73266    0.06404   -0.05151   -0.06133    0.01233    1.19416   40.33338    0.00000    0.00000
   7.00000    4.99500   -4.00000 433349.77979    0.73316    0.06300   -0.03681   -0.06151    0.00897    1.19414   40.33469    0.00000    0.00000
   8.00000    4.99500   -3.00000 433172.07226    0.73272    0.06217   -0.02206   -0.06089    0.00595    1.19392   40.33069    0.00000    0.00000
   9.00000    4.99500   -2.00000 433160.84189    0.73154    0.06182   -0.00892   -0.06031    0.00353    1.19389   40.33090    0.00000    0.00000
  10.00000    4.99500   -1.00000 433335.76840    0.73016    0.06170    0.00187   -0.05980    0.00121    1.19374   40.35455    0.00000    0.00000
  11.00000    4.99500    0.00000 432946.23505    0.72915    0.06163    0.01019   -0.05941   -0.00121    1.19378   40.32462    0.00000    0.00000
  12.00000    4.99500    1.00000 432930.15238    0.72908    0.06075    0.01784   -0.05815   -0.00362    1.19372   40.31757    0.00000    0.00000
  13.00000    4.99500    1.99500 432929.12957    0.73112    0.06115    0.02178   -0.05851   -0.00622    1.19366   40.32198    0.00000    0.00000
  14.00000    4.99500    3.00500 432968.71553    0.73238    0.06176    0.03401   -0.05838   -0.00905    1.19362   40.32776    0.00000    0.00000
  15.00000    4.99500    4.00000 432839.18983    0.72995    0.06255    0.05020   -0.05693   -0.01300    1.19364   40.31618    0.00000    0.00000
  16.00000    4.99500    5.00500 432886.85962    0.72893    0.06350    0.06532   -0.05543   -0.01582    1.19361   40.32404    0.00000    0.00000
  17.00000    4.99500    5.99500 432819.99446    0.73397    0.06366    0.08040   -0.04965   -0.01872    1.19363   40.31950    0.00000    0.00000
  18.00000    4.99500    7.00000 432978.43883    0.73725    0.06419    0.09548   -0.04466   -0.02182    1.19354   40.34131    0.00000    0.00000
  19.00000    4.99500    8.00000 432734.46569    0.74263    0.06633    0.10963   -0.04639   -0.02364    1.19347   40.32692    0.00000    0.00000
  20.00000    4.99500    8.99500 432806.18597    0.74682    0.06870    0.12296   -0.04722   -0.02529    1.19348   40.33668    0.00000    0.00000
  21.00000    4.99500   10.00000 432672.44798    0.74928    0.07293    0.12800   -0.05596   -0.02389    1.19340   40.33366    0.00000    0.00000
  22.00000    4.99500  -10.00000 216943.08784    0.75167    0.08486   -0.03350   -0.12290   -0.00635    1.19500   20.18351    0.00000    0.00000
  23.00000    4.99500   -9.00000 217194.21810    0.74602    0.08179   -0.02224   -0.11594   -0.00740    1.19507   20.20212    0.00000    0.00000
  24.00000    4.99500   -8.00000 217130.56129    0.74391    0.07948   -0.01272   -0.10805   -0.00808    1.19517   20.19202    0.00000    0.00000
  25.00000    4.99500   -7.00000 216940.47960    0.73863    0.07732   -0.00552   -0.09863   -0.00792    1.19527   20.16905    0.00000    0.00000
  26.00000    4.99500   -6.00000 216620.96861    0.73654    0.07530   -0.00513   -0.08925   -0.00587    1.19542   20.13403    0.00000    0.00000
  27.00000    4.99500   -5.00000 217381.14806    0.73102    0.07240   -0.01048   -0.07816   -0.00168    1.19555   20.19839    0.00000    0.00000
  28.00000    4.99500   -4.00000 217471.84924    0.73077    0.06778   -0.03924   -0.06781    0.00979    1.19561   20.20303    0.00000    0.00000
  29.00000    4.99500   -3.00000 216561.57149    0.73577    0.06690   -0.02692   -0.06907    0.00688    1.19568   20.11464    0.00000    0.00000
  30.00000    4.99500   -2.00000 217071.62131    0.73451    0.06626   -0.01403   -0.06673    0.00440    1.19574   20.16020    0.00000    0.00000
  31.00000    4.99500   -1.00000 217285.19219    0.73735    0.06642   -0.00139   -0.06808    0.00179    1.19575   20.17877    0.00000    0.00000
  32.00000    4.99500    0.00000 217420.44110    0.73540    0.06588    0.00961   -0.06664   -0.00106    1.19583   20.19022    0.00000    0.00000
  33.00000    4.99500    1.00000 217664.62514    0.73439    0.06614    0.01903   -0.06653   -0.00382    1.19595   20.20842    0.00000    0.00000
  34.00000    4.99500    1.99500 217133.04343    0.73566    0.06624    0.02458   -0.06721   -0.00667    1.19603   20.15713    0.00000    0.00000
  35.00000    4.99500    3.00500 216675.58755    0.73558    0.06641    0.03464   -0.06587   -0.00982    1.19607   20.11346    0.00000    0.00000
  36.00000    4.99500    4.00000 217382.68613    0.73253    0.06721    0.04865   -0.06348   -0.01253    1.19614   20.17751    0.00000    0.00000
  37.00000    4.99500    5.00500 217178.05529    0.73206    0.07365    0.01615   -0.08570    0.00112    1.19616   20.16168    0.00000    0.00000
  38.00000    4.99500    5.99500 217196.77028    0.74034    0.07609    0.00892   -0.09388    0.00529    1.19629   20.16150    0.00000    0.00000
  39.00000    4.99500    7.00000 217195.58212    0.74384    0.07857    0.01539   -0.10213    0.00588    1.19633   20.16132    0.00000    0.00000
  40.00000    4.99500    8.00000 217321.70246    0.74543    0.08120    0.02545   -0.10927    0.00510    1.19632   20.17454    0.00000    0.00000
  41.00000    4.99500    8.99500 217353.39335    0.74723    0.08355    0.03513   -0.11473    0.00425    1.19637   20.17746    0.00000    0.00000
  42.00000    4.99500   10.00000 217374.48921    0.74818    0.08636    0.04623   -0.12064    0.00318    1.19643   20.17964    0.00000    0.00000
  43.00000    4.99500  -10.00000 325833.30490    0.74792    0.08366   -0.05222   -0.10833   -0.00063    1.19584   30.27396    0.00000    0.00000
  44.00000    4.99500   -9.00000 325769.43269    0.74340    0.08081   -0.03584   -0.10436   -0.00319    1.19584   30.26556    0.00000    0.00000
  45.00000    4.99500   -8.00000 325774.99571    0.73980    0.07805   -0.02401   -0.09685   -0.00439    1.19579   30.26586    0.00000    0.00000
  46.00000    4.99500   -7.00000 325647.31946    0.73987    0.07504   -0.02071   -0.09029   -0.00301    1.19575   30.25281    0.00000    0.00000
  47.00000    4.99500   -6.00000 325653.77630    0.73492    0.07048   -0.03435   -0.07739    0.00397    1.19580   30.24887    0.00000    0.00000
  48.00000    4.99500   -5.00000 325891.82578    0.73037    0.06583   -0.05566   -0.06104    0.01310    1.19577   30.26630    0.00000    0.00000
  49.00000    4.99500   -4.00000 325938.60190    0.73170    0.06453   -0.03970   -0.06153    0.00981    1.19586   30.26764    0.00000    0.00000
  50.00000    4.99500   -3.00000 325996.66032    0.73298    0.06398   -0.02572   -0.06142    0.00679    1.19572   30.27632    0.00000    0.00000
  51.00000    4.99500   -2.00000 325923.49776    0.73088    0.06352   -0.01231   -0.06160    0.00421    1.19576   30.26834    0.00000    0.00000
  52.00000    4.99500   -1.00000 325635.88963    0.73113    0.06356    0.00020   -0.06136    0.00172    1.19574   30.24291    0.00000    0.00000
  53.00000    4.99500    0.00000 325639.11776    0.73065    0.06323    0.01025   -0.06055   -0.00097    1.19576   30.24300    0.00000    0.00000
  54.00000    4.99500    1.00000 325856.84774    0.72984    0.06283    0.01689   -0.06045   -0.00370    1.19580   30.26118    0.00000    0.00000
  55.00000    4.99500    1.99500 325706.22624    0.73211    0.06315    0.02359   -0.06076   -0.00653    1.19579   30.24820    0.00000    0.00000
  56.00000    4.99500    3.00500 325664.92249    0.73396    0.06348    0.03544   -0.05973   -0.00941    1.19569   30.24709    0.00000    0.00000
  57.00000    4.99500    4.00000 325346.34154    0.72953    0.06430    0.05199   -0.05766   -0.01331    1.19575   30.21669    0.00000    0.00000
  58.00000    4.99500    5.00500 325610.72281    0.72877    0.06504    0.06635   -0.05522   -0.01615    1.19576   30.24166    0.00000    0.00000
  59.00000    4.99500    5.99500 325736.86639    0.73500    0.06516    0.08289   -0.04876   -0.01951    1.19575   30.25389    0.00000    0.00000
  60.00000    4.99500    7.00500 325704.52620    0.73647    0.06584    0.09812   -0.04393   -0.02258    1.19582   30.24933    0.00000    0.00000
  61.00000    4.99500    7.99500 325601.36592    0.74079    0.06771    0.11539   -0.04408   -0.02543    1.19580   30.24222    0.00000    0.00000
  62.00000    4.99500    9.00000 325858.46283    0.74430    0.07001    0.13004   -0.04308   -0.02764    1.19581   30.26768    0.00000    0.00000
  63.00000    4.99500   10.00000 325931.07697    0.74573    0.07258    0.14428   -0.04199   -0.02955    1.19578   30.27807    0.00000    0.00000
  64.00000    4.99500   -9.99500 540613.03153    0.75383    0.07197   -0.11564   -0.06191    0.02057    1.19291   50.43507    0.00000    0.00000
  65.00000    4.99500   -8.99500 540418.23300    0.75023    0.06919   -0.10613   -0.05861    0.02040    1.19255   50.43912    0.00000    0.00000
  66.00000    4.99500   -8.00000 540347.98980    0.74297    0.06661   -0.09337   -0.05449    0.01919    1.19232   50.44585    0.00000    0.00000
  67.00000    4.99500   -7.00000 540106.15457    0.73931    0.06516   -0.08042   -0.05674    0.01717    1.19207   50.43945    0.00000    0.00000
  68.00000    4.99500   -6.00000 539890.30619    0.73427    0.06419   -0.06487   -0.06072    0.01420    1.19181   50.43574    0.00000    0.00000
  69.00000    4.99500   -5.00000 539264.71598    0.73569    0.06295   -0.04886   -0.06209    0.01105    1.19120   50.42024    0.00000    0.00000
  70.00000    4.99500   -4.00000 539142.39090    0.73617    0.06187   -0.03386   -0.06191    0.00826    1.19090   50.42883    0.00000    0.00000
  71.00000    4.99500   -3.00000 539131.25379    0.73488    0.06127   -0.02077   -0.06134    0.00555    1.19069   50.44189    0.00000    0.00000
  72.00000    4.99500   -2.00000 538687.51623    0.73386    0.06064   -0.00647   -0.06060    0.00298    1.19049   50.41352    0.00000    0.00000
  73.00000    4.99500   -0.99500 538679.87763    0.73366    0.05974    0.00210   -0.05900    0.00090    1.19041   50.41861    0.00000    0.00000
  74.00000    4.99500    0.00000 538661.95233    0.73249    0.05965    0.01023   -0.05823   -0.00138    1.19029   50.42717    0.00000    0.00000
  75.00000    4.99500    1.00000 538366.57094    0.73174    0.05972    0.01845   -0.05831   -0.00378    1.19018   50.40680    0.00000    0.00000
  76.00000    4.99500    1.99500 538352.60977    0.73329    0.06016    0.02268   -0.05852   -0.00623    1.19010   50.41176    0.00000    0.00000
  77.00000    4.99500    3.00500 538326.12920    0.73463    0.06078    0.03397   -0.05840   -0.00893    1.19003   50.41574    0.00000    0.00000
  78.00000    4.99500    4.00000 538185.96357    0.73351    0.06161    0.04885   -0.05780   -0.01237    1.18992   50.41218    0.00000    0.00000
  79.00000    4.99500    5.00500 538034.53621    0.73215    0.06262    0.06400   -0.05593   -0.01546    1.18980   50.40834    0.00000    0.00000
  80.00000    4.99500    5.99500 537955.35517    0.73618    0.06261    0.07645   -0.05120   -0.01777    1.18971   50.40799    0.00000    0.00000
  81.00000    4.99500    7.00500 537923.58957    0.74033    0.06335    0.09016   -0.04705   -0.02007    1.18962   50.41315    0.00000    0.00000
  82.00000    4.99500    7.99500 537910.70488    0.74608    0.06568    0.10084   -0.05032   -0.02087    1.18952   50.42237    0.00000    0.00000
  83.00000    4.99500    9.00500 537922.46556    0.75107    0.06913    0.11066   -0.05674   -0.02114    1.18938   50.43927    0.00000    0.00000
  84.00000    4.99500    9.99500 537791.64758    0.75340    0.07236    0.11686   -0.06205   -0.02012    1.18929   50.43742    0.00000    0.00000
   1.00000   10.00000   -9.99500 432630.03363    1.07818    0.11158   -0.08423   -0.03707    0.01008    1.19313   40.34415    0.00000    0.00000
   2.00000   10.00000   -9.00000 432500.25246    1.07502    0.10334   -0.11522   -0.00100    0.02489    1.19282   40.33874    0.00000    0.00000
   3.00000   10.00000   -7.99500 432369.88015    1.06342    0.10232   -0.10031   -0.00038    0.02255    1.19265   40.33398    0.00000    0.00000
   4.00000   10.00000   -7.00000 432356.06764    1.01339    0.10782   -0.08744    0.00568    0.02133    1.19258   40.33242    0.00000    0.00000
   5.00000   10.00000   -6.00000 432344.37926    1.00367    0.10715   -0.07090    0.00199    0.01776    1.19247   40.33620    0.00000    0.00000
   6.00000   10.00000   -5.00000 432238.09151    0.99984    0.10647   -0.05739   -0.00002    0.01476    1.19233   40.33290    0.00000    0.00000
   7.00000   10.00000   -4.00000 432180.92599    0.99433    0.10599   -0.04190   -0.00160    0.01109    1.19232   40.32761    0.00000    0.00000
   8.00000   10.00000   -3.00000 432099.85570    0.98924    0.10566   -0.02830   -0.00199    0.00767    1.19212   40.32971    0.00000    0.00000
   9.00000   10.00000   -2.00000 431964.28160    0.98534    0.10566   -0.01626   -0.00174    0.00482    1.19194   40.32639    0.00000    0.00000
  10.00000   10.00000   -1.00000 432019.89153    0.98004    0.10588   -0.00584   -0.00211    0.00189    1.19196   40.33045    0.00000    0.00000
  11.00000   10.00000   -0.00500 431975.57211    0.97731    0.10544    0.00328   -0.00099   -0.00122    1.19189   40.33709    0.00000    0.00000
  12.00000   10.00000    1.00000 431920.57661    0.97613    0.10490    0.01298    0.00054   -0.00410    1.19189   40.32563    0.00000    0.00000
  13.00000   10.00000    1.99500 431893.82906    0.97798    0.10466    0.02475    0.00165   -0.00717    1.19183   40.32558    0.00000    0.00000
  14.00000   10.00000    3.00000 431855.33410    0.97949    0.10586    0.03563    0.00153   -0.01079    1.19185   40.32168    0.00000    0.00000
  15.00000   10.00000    4.00500 431889.09740    0.98411    0.10598    0.05135    0.00333   -0.01500    1.19183   40.32775    0.00000    0.00000
  16.00000   10.00000    5.00500 431853.20331    0.99069    0.10568    0.06628    0.00641   -0.01812    1.19190   40.32255    0.00000    0.00000
  17.00000   10.00000    5.99500 431874.13347    1.02189    0.10395    0.08010    0.00420   -0.02052    1.19187   40.32779    0.00000    0.00000
  18.00000   10.00000    7.00000 431827.68099    1.04531    0.10297    0.09563    0.00588   -0.02355    1.19179   40.32887    0.00000    0.00000
  19.00000   10.00000    8.00000 431803.23803    1.07328    0.10056    0.10820    0.00732   -0.02505    1.19173   40.33493    0.00000    0.00000
  20.00000   10.00000    9.00000 431787.34970    1.07952    0.10008    0.12233    0.01505   -0.02720    1.19164   40.34176    0.00000    0.00000
  21.00000   10.00000   10.00500 431846.74922    1.08368    0.10328    0.12751    0.00731   -0.02587    1.19159   40.35474    0.00000    0.00000
   1.00000   -5.00000    0.00000 329158.11331   -0.16764    0.04994    0.00737   -0.20182   -0.00001    1.20419   30.25434    0.00000    0.00000
   2.00000   -4.00200    0.00000 328998.96001   -0.07813    0.04841    0.00695   -0.18846   -0.00005    1.20410   30.24432    0.00000    0.00000
   3.00000   -2.99800    0.00000 328984.48357    0.01450    0.04754    0.00722   -0.17459   -0.00012    1.20398   30.24850    0.00000    0.00000
   4.00000   -2.00000    0.00000 329078.57453    0.10625    0.04738    0.00761   -0.16076   -0.00009    1.20395   30.25868    0.00000    0.00000
   5.00000   -1.00000    0.00000 328820.61203    0.19936    0.04816    0.00801   -0.14777   -0.00018    1.20394   30.23526    0.00000    0.00000
   6.00000    0.00000    0.00000 328948.80447    0.29256    0.04981    0.00885   -0.13492   -0.00038    1.20394   30.24704    0.00000    0.00000
   7.00000    1.00000    0.00000 329034.23885    0.38405    0.05160    0.00855   -0.12090   -0.00056    1.20394   30.25490    0.00000    0.00000
   8.00000    2.00000    0.00000 328973.41736    0.47485    0.05374    0.00804   -0.10643   -0.00062    1.20396   30.24871    0.00000    0.00000
   9.00000    3.00000    0.00000 329009.62959    0.56422    0.05638    0.00865   -0.09208   -0.00069    1.20392   30.25324    0.00000    0.00000
  10.00000    4.00000    0.00000 329004.13683    0.65051    0.05948    0.00898   -0.07757   -0.00074    1.20393   30.25243    0.00000    0.00000
  11.00000    5.00000    0.00000 328961.41894    0.73312    0.06322    0.00903   -0.06225   -0.00085    1.20393   30.24851    0.00000    0.00000
  12.00000    6.00000    0.00000 328982.77856        nan        nan        nan        nan        nan    1.20393   30.25047    0.00000    0.00000
  13.00000    7.00000    0.00000 328929.68537        nan        nan        nan        nan        nan    1.20390   30.24619    0.00000    0.00000
  14.00000    8.00000    0.00000 328946.16830        nan        nan        nan        nan        nan    1.20387   30.24860    0.00000    0.00000
  15.00000    9.00000    0.00000 329020.61442        nan        nan        nan        nan        nan    1.20389   30.25485    0.00000    0.00000
  16.00000   10.00000    0.00000 328962.03433        nan        nan        nan        nan        nan    1.20388   30.24976    0.00000    0.00000
  17.00000   11.00000    0.00000 329042.58134        nan        nan        nan        nan        nan    1.20384   30.25807    0.00000    0.00000
  18.00000   12.00000    0.00000 328990.43168        nan        nan        nan        nan        nan    1.20384   30.25420    0.00000    0.00000
  19.00000   13.00000    0.00000 328994.21554        nan        nan        nan        nan        nan    1.20377   30.25699    0.00000    0.00000
  20.00000   14.00000    0.00000 328849.58610        nan        nan        nan        nan        nan    1.20381   30.24279    0.00000    0.00000
  21.00000   -4.99800    0.00000 219324.47150   -0.14736    0.05321    0.00574   -0.21413   -0.00040    1.20414   20.16154    0.00000    0.00000
  22.00000   -4.00000    0.00000 219510.34816   -0.06069    0.05113    0.00615   -0.19848   -0.00028    1.20419   20.17678    0.00000    0.00000
  23.00000   -3.00000    0.00000 219475.25288    0.03044    0.04978    0.00730   -0.18209   -0.00036    1.20426   20.17131    0.00000    0.00000
  24.00000   -2.00000    0.00000 219462.48251    0.11802    0.04955    0.00954   -0.16736   -0.00045    1.20434   20.16769    0.00000    0.00000
  25.00000   -1.00000    0.00000 219512.39833    0.20839    0.05015    0.01057   -0.15578   -0.00057    1.20441   20.17003    0.00000    0.00000
  26.00000   -0.00000    0.00000 219530.41572    0.30034    0.05131    0.01102   -0.13996   -0.00068    1.20443   20.17086    0.00000    0.00000
  27.00000    1.00000    0.00000 219510.28772    0.38767    0.05288    0.01080   -0.12556   -0.00080    1.20460   20.16454    0.00000    0.00000
  28.00000    2.00000    0.00000 219579.31295    0.47822    0.05524    0.01035   -0.11022   -0.00084    1.20464   20.16904    0.00000    0.00000
  29.00000    3.00000    0.00000 219633.54410    0.56582    0.05810    0.01069   -0.09688   -0.00096    1.20466   20.17382    0.00000    0.00000
  30.00000    4.00000    0.00000 219633.41111    0.65397    0.06157    0.01015   -0.08168   -0.00102    1.20475   20.17011    0.00000    0.00000
  31.00000    5.00000    0.00000 219606.76056    0.73867    0.06556    0.00877   -0.06700   -0.00109    1.20480   20.16581    0.00000    0.00000
  32.00000    6.00000    0.00000 219582.25266        nan        nan        nan        nan        nan    1.20481   20.16274    0.00000    0.00000
  33.00000    7.00000    0.00000 219759.75916        nan        nan        nan        nan        nan    1.20483   20.17821    0.00000    0.00000
  34.00000    8.00000    0.00000 219774.56474        nan        nan        nan        nan        nan    1.20487   20.17793    0.00000    0.00000
  35.00000    9.00000    0.00000 219632.04850        nan        nan        nan        nan        nan    1.20492   20.16279    0.00000    0.00000
  36.00000   10.00000    0.00000 219714.95543        nan        nan        nan        nan        nan    1.20490   20.17080    0.00000    0.00000
  37.00000   11.00000    0.00000 219714.95543        nan        nan        nan        nan        nan    1.20490   20.17080    0.00000    0.00000
  38.00000   12.00000    0.00000 219609.68760        nan        nan        nan        nan        nan    1.20491   20.16093    0.00000    0.00000
  39.00000   13.00000    0.00000 219511.77080        nan        nan        nan        nan        nan    1.20499   20.14950    0.00000    0.00000
  40.00000   14.00000    0.00000 219613.84684        nan        nan        nan        nan        nan    1.20495   20.15967    0.00000    0.00000
  41.00000   -4.99700    0.00000 437827.93515   -0.17462    0.04877    0.01464   -0.19759   -0.00012    1.20250   40.32947    0.00000    0.00000
  42.00000   -4.00000    0.00000 437678.45086   -0.08330    0.04738    0.01686   -0.18540   -0.00014    1.20207   40.34052    0.00000    0.00000
  43.00000   -3.00000    0.00000 437370.90301    0.01172    0.04645    0.01592   -0.17218   -0.00021    1.20169   40.33453    0.00000    0.00000
  44.00000   -2.00000    0.00000 437317.81721    0.10602    0.04622    0.01442   -0.15899   -0.00026    1.20151   40.34103    0.00000    0.00000
  45.00000   -1.00000    0.00000 437079.34868    0.20032    0.04657    0.01298   -0.14591   -0.00031    1.20129   40.33287    0.00000    0.00000
  46.00000   -0.00000    0.00000 436882.80996    0.29434    0.04750    0.01209   -0.13234   -0.00040    1.20117   40.32205    0.00000    0.00000
  47.00000    1.00000    0.00000 436935.43869    0.38605    0.04916    0.01183   -0.11855   -0.00058    1.20106   40.33383    0.00000    0.00000
  48.00000    2.00000    0.00000 436909.62133    0.47644    0.05151    0.01111   -0.10407   -0.00071    1.20090   40.33996    0.00000    0.00000
  49.00000    3.00000    0.00000 436684.60093    0.56412    0.05430    0.01024   -0.08967   -0.00090    1.20077   40.32773    0.00000    0.00000
  50.00000    4.00000    0.00000 436654.22046    0.64939    0.05773    0.01059   -0.07475   -0.00109    1.20070   40.32941    0.00000    0.00000
  51.00000    5.00000    0.00000 436523.59625    0.73086    0.06150    0.00953   -0.05954   -0.00122    1.20063   40.32057    0.00000    0.00000
  52.00000    6.00000    0.00000 436639.88316        nan        nan        nan        nan        nan    1.20057   40.33456    0.00000    0.00000
  53.00000    7.00000    0.00000 436549.69474        nan        nan        nan        nan        nan    1.20055   40.32702    0.00000    0.00000
  54.00000    8.00000    0.00000 436463.87059        nan        nan        nan        nan        nan    1.20041   40.32680    0.00000    0.00000
  55.00000    9.00000    0.00000 436360.48409        nan        nan        nan        nan        nan    1.20029   40.32332    0.00000    0.00000
  56.00000   10.00000    0.00000 436333.29594        nan        nan        nan        nan        nan    1.20015   40.32767    0.00000    0.00000
  57.00000   11.00000    0.00000 436319.73116        nan        nan        nan        nan        nan    1.20011   40.32886    0.00000    0.00000
  58.00000   12.00000    0.00000 436283.73414        nan        nan        nan        nan        nan    1.19996   40.33488    0.00000    0.00000
  59.00000   13.00000    0.00000 436196.84009        nan        nan        nan        nan        nan    1.19998   40.32605    0.00000    0.00000
  60.00000   14.00000    0.00000 436212.64935        nan        nan        nan        nan        nan    1.19990   40.33238    0.00000    0.00000
   1.00000   -5.00000    0.00000 544353.62564   -0.17683    0.04755    0.01590   -0.19688   -0.00016    1.19793   50.40944    0.00000    0.00000
   2.00000   -4.00000    0.00000 543738.41985   -0.08371    0.04577    0.01526   -0.18449   -0.00026    1.19720   50.40724    0.00000    0.00000
   3.00000   -3.00000    0.00000 543301.21874    0.01205    0.04468    0.01417   -0.17132   -0.00036    1.19660   50.41183    0.00000    0.00000
   4.00000   -2.00000    0.00000 542859.43911    0.10718    0.04432    0.01367   -0.15796   -0.00046    1.19607   50.40882    0.00000    0.00000
   5.00000   -1.00000    0.00000 542446.09357    0.20162    0.04478    0.01462   -0.14498   -0.00060    1.19564   50.40182    0.00000    0.00000
   6.00000   -0.00000    0.00000 542118.93914    0.29504    0.04581    0.01486   -0.13137   -0.00077    1.19525   50.40130    0.00000    0.00000
   7.00000    1.00000    0.00000 541808.10114    0.38656    0.04752    0.01460   -0.11708   -0.00101    1.19478   50.40680    0.00000    0.00000
   8.00000    2.00000    0.00000 541697.86069    0.47698    0.04969    0.01421   -0.10220   -0.00117    1.19449   50.41933    0.00000    0.00000
   9.00000    3.00000    0.00000 541518.38055    0.56516    0.05232    0.01338   -0.08728   -0.00129    1.19429   50.41627    0.00000    0.00000
  10.00000    4.00000    0.00000 541330.76269    0.65068    0.05553    0.01238   -0.07239   -0.00138    1.19415   50.40995    0.00000    0.00000
  11.00000    5.00000    0.00000 541463.37374    0.73290    0.05942    0.01094   -0.05775   -0.00148    1.19398   50.43493    0.00000    0.00000
  12.00000   -5.00000    0.00000 433024.14805   -0.17695    0.04891    0.01355   -0.19801   -0.00021    1.19383   40.33974    0.00000    0.00000
  13.00000   -4.00000    0.00000 433083.51875   -0.08552    0.04748    0.01586   -0.18555   -0.00018    1.19386   40.34324    0.00000    0.00000
  14.00000   -3.00000    0.00000 432944.39979    0.00943    0.04665    0.01564   -0.17237   -0.00024    1.19386   40.33028    0.00000    0.00000
  15.00000   -2.00000    0.00000 432994.67530    0.10427    0.04648    0.01319   -0.15919   -0.00037    1.19395   40.32971    0.00000    0.00000
  16.00000   -1.00000    0.00000 433028.36271    0.19844    0.04683    0.01218   -0.14618   -0.00047    1.19396   40.33162    0.00000    0.00000
  17.00000    0.00000    0.00000 433079.16934    0.29240    0.04775    0.01147   -0.13247   -0.00059    1.19408   40.32906    0.00000    0.00000
  18.00000    1.00000    0.00000 433102.67895    0.38405    0.04943    0.01106   -0.11861   -0.00076    1.19411   40.32799    0.00000    0.00000
  19.00000    2.00000    0.00000 433164.79080    0.47454    0.05176    0.01054   -0.10396   -0.00088    1.19416   40.33218    0.00000    0.00000
  20.00000    3.00000    0.00000 433243.45293    0.56197    0.05462    0.01064   -0.08956   -0.00105    1.19418   40.33788    0.00000    0.00000
  21.00000    4.00000    0.00000 433177.58849    0.64727    0.05806    0.01114   -0.07474   -0.00124    1.19427   40.32526    0.00000    0.00000
  22.00000    5.00000    0.00000 433258.94574    0.72891    0.06181    0.01020   -0.05949   -0.00133    1.19433   40.32877    0.00000    0.00000
