  Run_nr	   Alpha	    Beta	      CL	      CD	    Cyaw	 Cm_p_qc	      Ct	      Cn	   Cside	 Cm_roll	Cm_pitch	  Cm_yaw	       V	      Re	       M
       /	 degrees	 degrees	       /	       /	       /	       /	       /	       /	       /	       /	       /	       /	     m/s	       /	       /
     114	   0.005	   4.995	  0.2594	-0.029094	 0.13979	-0.06902	-0.041175	  0.2594	0.136728	 0.01046	-0.13316	-0.03924	   30.16	2.650E+5	   0.089	        	        	        	        	        	        	        	        	        	        	        	        	        	        	        	        	        
     115	   0.005	   4.995	  0.2536	-0.002000	 0.13723	-0.04293	-0.013961	  0.2536	0.136537	 0.01081	-0.10588	-0.03902	   30.15	2.649E+5	   0.089	        	        	        	        	        	        	        	        	        	        	        	        	        	        	        	        	        
     116	   0.005	   4.995	  0.2462	0.026503	 0.13394	-0.00997	0.014720	  0.2462	0.135742	 0.01077	-0.07141	-0.03892	   30.16	2.649E+5	   0.089	        	        	        	        	        	        	        	        	        	        	        	        	        	        	        	        	        
     117	   0.005	   4.995	  0.2390	0.045883	 0.13231	 0.01612	0.034170	  0.2390	0.135798	 0.01086	-0.04379	-0.03904	   30.16	2.648E+5	   0.089	        	        	        	        	        	        	        	        	        	        	        	        	        	        	        	        	        
     118	   4.995	   4.995	  0.7659	-0.012982	 0.11977	-0.04897	-0.089961	  0.7609	0.118188	 0.00985	-0.23870	-0.03117	   30.15	2.649E+5	   0.089	        	        	        	        	        	        	        	        	        	        	        	        	        	        	        	        	        
     119	   4.995	   4.995	  0.7577	0.014147	 0.11794	-0.01882	-0.062168	  0.7552	0.118723	 0.01019	-0.20742	-0.03114	   30.14	2.649E+5	   0.089	        	        	        	        	        	        	        	        	        	        	        	        	        	        	        	        	        
     120	   4.995	   4.995	  0.7451	0.042637	 0.11532	 0.01937	-0.032566	  0.7451	0.118597	 0.01035	-0.16709	-0.03124	   30.15	2.650E+5	   0.089	        	        	        	        	        	        	        	        	        	        	        	        	        	        	        	        	        
     121	   4.995	   4.995	  0.7360	0.062155	 0.11393	 0.04691	-0.012284	  0.7377	0.118906	 0.01057	-0.13800	-0.03143	   30.14	2.649E+5	   0.089	        	        	        	        	        	        	        	        	        	        	        	        	        	        	        	        	        
     122	   0.005	   4.995	  0.2528	-0.008348	 0.13488	-0.04902	-0.020080	  0.2528	0.133637	 0.01126	-0.11170	-0.03821	   40.22	3.529E+5	   0.118	        	        	        	        	        	        	        	        	        	        	        	        	        	        	        	        	        
     123	   0.005	   4.995	  0.2449	0.022883	 0.13199	-0.01434	0.011284	  0.2449	0.133482	 0.01138	-0.07541	-0.03816	   40.21	3.526E+5	   0.118	        	        	        	        	        	        	        	        	        	        	        	        	        	        	        	        	        
     124	   0.005	   4.995	  0.2417	0.032718	 0.13109	-0.00258	0.021161	  0.2417	0.133436	 0.01144	-0.06298	-0.03818	   40.21	3.525E+5	   0.118	        	        	        	        	        	        	        	        	        	        	        	        	        	        	        	        	        
     125	   0.005	   4.995	  0.2374	0.044027	 0.13020	 0.01346	0.032504	  0.2374	0.133542	 0.01158	-0.04603	-0.03825	   40.20	3.524E+5	   0.118	        	        	        	        	        	        	        	        	        	        	        	        	        	        	        	        	        
     126	   4.995	   4.995	  0.7561	0.007238	 0.11514	-0.04338	-0.068639	  0.7529	0.115332	 0.00993	-0.23116	-0.03028	   40.19	3.524E+5	   0.118	        	        	        	        	        	        	        	        	        	        	        	        	        	        	        	        	        
     127	   4.995	   4.995	  0.7435	0.038547	 0.11297	-0.00346	-0.036287	  0.7432	0.115901	 0.01030	-0.18922	-0.03051	   40.20	3.524E+5	   0.118	        	        	        	        	        	        	        	        	        	        	        	        	        	        	        	        	        
     128	   4.995	   4.995	  0.7391	0.048484	 0.11235	 0.01046	-0.025985	  0.7396	0.116144	 0.01043	-0.17456	-0.03060	   40.20	3.525E+5	   0.118	        	        	        	        	        	        	        	        	        	        	        	        	        	        	        	        	        
     129	   4.995	   4.995	  0.7335	0.059754	 0.11171	 0.02717	-0.014257	  0.7350	0.116488	 0.01066	-0.15687	-0.03074	   40.20	3.525E+5	   0.118	        	        	        	        	        	        	        	        	        	        	        	        	        	        	        	        	        
