  Run_nr	   Alpha	    Beta	      CL	      CD	    Cyaw	 Cm_p_qc	      Ct	      Cn	   Cside	 Cm_roll	Cm_pitch	  Cm_yaw	       V	      Re	       M
       /	 degrees	 degrees	       /	       /	       /	       /	       /	       /	       /	       /	       /	       /	     m/s	       /	       /
     130	   0.005	   0.000	  0.2543	-0.034949	 0.01130	-0.05852	-0.034969	  0.2543	0.011298	-0.00146	-0.12149	-0.00195	   30.17	2.647E+5	   0.089	        	        	        	        	        	        	        	        	        	        	        	        	        	        	        	        	        
     131	   0.005	   0.000	  0.2499	-0.006162	 0.01127	-0.03492	-0.006182	  0.2499	0.011266	-0.00153	-0.09703	-0.00188	   30.17	2.647E+5	   0.089	        	        	        	        	        	        	        	        	        	        	        	        	        	        	        	        	        
     132	   0.005	   0.000	  0.2437	0.022845	 0.01148	-0.00285	0.022826	  0.2437	0.011478	-0.00152	-0.06374	-0.00194	   30.16	2.648E+5	   0.089	        	        	        	        	        	        	        	        	        	        	        	        	        	        	        	        	        
     133	   0.005	   0.000	  0.2366	0.042224	 0.01125	 0.02063	0.042206	  0.2366	0.011248	-0.00156	-0.03873	-0.00187	   30.15	2.647E+5	   0.089	        	        	        	        	        	        	        	        	        	        	        	        	        	        	        	        	        
     134	   4.995	   0.000	  0.7618	-0.018055	 0.00791	-0.03871	-0.084319	  0.7573	0.007910	-0.00068	-0.22763	-0.00201	   30.16	2.649E+5	   0.089	        	        	        	        	        	        	        	        	        	        	        	        	        	        	        	        	        
     135	   4.995	   0.000	  0.7547	0.009889	 0.00585	-0.01104	-0.055862	  0.7527	0.005848	-0.00080	-0.19909	-0.00188	   30.15	2.648E+5	   0.089	        	        	        	        	        	        	        	        	        	        	        	        	        	        	        	        	        
     136	   4.995	   0.000	  0.7442	0.039363	 0.00779	 0.02451	-0.025589	  0.7448	0.007787	-0.00077	-0.16194	-0.00212	   30.15	2.649E+5	   0.089	        	        	        	        	        	        	        	        	        	        	        	        	        	        	        	        	        
     137	   4.995	   0.000	  0.7359	0.058670	 0.00798	 0.04854	-0.005629	  0.7382	0.007985	-0.00084	-0.13650	-0.00209	   30.14	2.649E+5	   0.089	        	        	        	        	        	        	        	        	        	        	        	        	        	        	        	        	        
