  Run_nr	   Alpha	    Beta	      CL	      CD	    Cyaw	 Cm_p_qc	      Ct	      Cn	   Cside	 Cm_roll	Cm_pitch	  Cm_yaw	       V	      Re	       M
       /	 degrees	 degrees	       /	       /	       /	       /	       /	       /	       /	       /	       /	       /	     m/s	       /	       /
     138	   0.005	   0.000	  0.2978	-0.005734	 0.01109	-0.17224	-0.005758	  0.2978	0.011088	-0.00153	-0.24491	-0.00199	   30.16	2.660E+5	   0.089	        	        	        	        	        	        	        	        	        	        	        	        	        	        	        	        	        
     139	   0.005	   0.000	  0.2889	0.023539	 0.01192	-0.13530	0.023516	  0.2889	0.011917	-0.00160	-0.20614	-0.00200	   30.16	2.659E+5	   0.089	        	        	        	        	        	        	        	        	        	        	        	        	        	        	        	        	        
     140	   0.005	   0.000	  0.2969	-0.005788	 0.00918	-0.17188	-0.005812	  0.2969	0.009180	-0.00164	-0.24433	-0.00204	   30.18	2.661E+5	   0.089	        	        	        	        	        	        	        	        	        	        	        	        	        	        	        	        	        
     141	   4.996	   0.000	  0.7882	0.042876	 0.00711	-0.10726	-0.025917	  0.7889	0.007114	-0.00095	-0.30338	-0.00185	   30.14	2.657E+5	   0.089	        	        	        	        	        	        	        	        	        	        	        	        	        	        	        	        	        
     142	   0.004	   4.995	  0.3032	-0.001369	 0.13646	-0.18588	-0.013268	  0.3032	0.135825	 0.01064	-0.25977	-0.03881	   30.16	2.658E+5	   0.089	        	        	        	        	        	        	        	        	        	        	        	        	        	        	        	        	        
     143	   0.004	   4.995	  0.2937	0.027278	 0.13329	-0.14720	0.015547	  0.2937	0.135163	 0.01065	-0.21909	-0.03874	   30.15	2.658E+5	   0.089	        	        	        	        	        	        	        	        	        	        	        	        	        	        	        	        	        
     144	   4.995	   4.995	  0.8070	0.017948	 0.11734	-0.16608	-0.062641	  0.8046	0.118458	 0.01015	-0.36552	-0.03108	   30.15	2.657E+5	   0.089	        	        	        	        	        	        	        	        	        	        	        	        	        	        	        	        	        
     145	   4.995	   4.995	  0.7928	0.046431	 0.11460	-0.12157	-0.032897	  0.7929	0.118209	 0.01030	-0.31855	-0.03116	   30.15	2.658E+5	   0.089	        	        	        	        	        	        	        	        	        	        	        	        	        	        	        	        	        
     146	   0.004	   0.000	  0.2968	-0.014438	 0.01382	-0.17754	-0.014460	  0.2968	0.013819	-0.00088	-0.24990	-0.00203	   40.21	3.538E+5	   0.118	        	        	        	        	        	        	        	        	        	        	        	        	        	        	        	        	        
     147	   0.004	   0.000	  0.2879	0.017855	 0.01275	-0.13815	0.017834	  0.2879	0.012749	-0.00107	-0.20868	-0.00211	   40.20	3.535E+5	   0.118	        	        	        	        	        	        	        	        	        	        	        	        	        	        	        	        	        
     148	   4.995	   0.000	  0.8004	0.005623	 0.00576	-0.17545	-0.064094	  0.7978	0.005757	-0.00114	-0.37308	-0.00132	   40.21	3.536E+5	   0.118	        	        	        	        	        	        	        	        	        	        	        	        	        	        	        	        	        
     149	   4.995	   0.000	  0.7872	0.037414	 0.00529	-0.13183	-0.031279	  0.7875	0.005292	-0.00121	-0.32734	-0.00129	   40.20	3.535E+5	   0.118	        	        	        	        	        	        	        	        	        	        	        	        	        	        	        	        	        
     150	   0.004	   4.995	  0.3020	-0.007920	 0.13430	-0.19333	-0.019606	  0.3020	0.133097	 0.01122	-0.26682	-0.03804	   40.20	3.532E+5	   0.118	        	        	        	        	        	        	        	        	        	        	        	        	        	        	        	        	        
     151	   0.004	   4.995	  0.2914	0.023652	 0.13148	-0.15146	0.012093	  0.2914	0.133042	 0.01140	-0.22273	-0.03803	   40.20	3.531E+5	   0.118	        	        	        	        	        	        	        	        	        	        	        	        	        	        	        	        	        
     152	   4.995	   4.995	  0.8055	0.010996	 0.11452	-0.19010	-0.069157	  0.8025	0.115046	 0.00986	-0.38874	-0.03022	   40.20	3.531E+5	   0.118	        	        	        	        	        	        	        	        	        	        	        	        	        	        	        	        	        
     153	   4.995	   4.995	  0.7904	0.042328	 0.11223	-0.14244	-0.036554	  0.7902	0.115486	 0.01032	-0.33851	-0.03039	   40.22	3.533E+5	   0.118	        	        	        	        	        	        	        	        	        	        	        	        	        	        	        	        	        
     154	   4.995	   0.000	  0.7989	0.013834	 0.00573	-0.14679	-0.055783	  0.7971	0.005734	-0.00106	-0.34454	-0.00180	   30.18	2.654E+5	   0.089	        	        	        	        	        	        	        	        	        	        	        	        	        	        	        	        	        
