  Run_nr	   Alpha	    Beta	      CL	      CD	    Cyaw	 Cm_p_qc	      Ct	      Cn	   Cside	 Cm_roll	Cm_pitch	  Cm_yaw	       V	      Re	       M
       /	 degrees	 degrees	       /	       /	       /	       /	       /	       /	       /	       /	       /	       /	     m/s	       /	       /
      50	   0.004	  -5.000	  0.2636	-0.024768	-0.15610	-0.06969	-0.038299	  0.2636	-0.153349	-0.02347	-0.13487	 0.04860	   30.14	2.647E+5	   0.089	        	        	        	        	        	        	        	        	        	        	        	        	        	        	        	        	        
      51	   0.004	  -5.000	  0.2580	0.002659	-0.15389	-0.04360	-0.010783	  0.2580	-0.153532	-0.02388	-0.10765	 0.04851	   30.16	2.649E+5	   0.089	        	        	        	        	        	        	        	        	        	        	        	        	        	        	        	        	        
      52	   0.004	  -5.000	  0.2510	0.031414	-0.15102	-0.01031	0.018113	  0.2510	-0.153185	-0.02401	-0.07294	 0.04845	   30.17	2.649E+5	   0.089	        	        	        	        	        	        	        	        	        	        	        	        	        	        	        	        	        
      53	   0.004	  -5.000	  0.2443	0.050716	-0.14988	 0.01483	0.037441	  0.2443	-0.153729	-0.02441	-0.04641	 0.04871	   30.16	2.648E+5	   0.089	        	        	        	        	        	        	        	        	        	        	        	        	        	        	        	        	        
      54	   4.995	  -5.000	  0.7722	-0.009006	-0.13978	-0.05183	-0.088313	  0.7674	-0.138463	-0.02012	-0.24315	 0.04079	   30.14	2.647E+5	   0.089	        	        	        	        	        	        	        	        	        	        	        	        	        	        	        	        	        
      55	   4.995	  -5.000	  0.7633	0.018153	-0.13816	-0.02153	-0.060442	  0.7609	-0.139216	-0.02059	-0.21153	 0.04082	   30.14	2.647E+5	   0.089	        	        	        	        	        	        	        	        	        	        	        	        	        	        	        	        	        
      56	   4.995	  -5.000	  0.7522	0.047010	-0.13582	 0.01746	-0.030638	  0.7524	-0.139400	-0.02101	-0.17082	 0.04097	   30.15	2.649E+5	   0.089	        	        	        	        	        	        	        	        	        	        	        	        	        	        	        	        	        
      57	   4.995	  -5.000	  0.7429	0.066346	-0.13464	 0.04481	-0.010534	  0.7448	-0.139910	-0.02140	-0.14184	 0.04124	   30.15	2.648E+5	   0.089	        	        	        	        	        	        	        	        	        	        	        	        	        	        	        	        	        
      58	   0.004	   0.000	  0.2525	-0.033396	-0.02286	-0.04574	-0.033416	  0.2525	-0.022864	-0.01050	-0.10840	 0.01245	   30.17	2.650E+5	   0.089	        	        	        	        	        	        	        	        	        	        	        	        	        	        	        	        	        
      59	   0.004	   0.000	  0.2482	-0.004700	-0.02291	-0.02286	-0.004720	  0.2482	-0.022914	-0.01067	-0.08467	 0.01266	   30.16	2.649E+5	   0.089	        	        	        	        	        	        	        	        	        	        	        	        	        	        	        	        	        
      60	   0.004	   0.000	  0.2415	0.024364	-0.02305	 0.00825	0.024345	  0.2415	-0.023046	-0.01072	-0.05220	 0.01278	   30.15	2.648E+5	   0.089	        	        	        	        	        	        	        	        	        	        	        	        	        	        	        	        	        
      61	   0.004	   0.000	  0.2350	0.043817	-0.02373	 0.03236	0.043799	  0.2350	-0.023731	-0.01089	-0.02671	 0.01299	   30.17	2.650E+5	   0.089	        	        	        	        	        	        	        	        	        	        	        	        	        	        	        	        	        
      62	   4.995	   0.000	  0.7647	-0.016717	-0.02061	-0.04187	-0.083239	  0.7603	-0.020607	-0.00814	-0.23151	 0.00960	   30.15	2.649E+5	   0.089	        	        	        	        	        	        	        	        	        	        	        	        	        	        	        	        	        
      63	   4.995	   0.000	  0.7566	0.011301	-0.02274	-0.01357	-0.054626	  0.7547	-0.022735	-0.00845	-0.20212	 0.00992	   30.13	2.647E+5	   0.089	        	        	        	        	        	        	        	        	        	        	        	        	        	        	        	        	        
      64	   4.995	   0.000	  0.7455	0.040948	-0.02239	 0.02370	-0.024124	  0.7462	-0.022394	-0.00858	-0.16311	 0.01015	   30.15	2.649E+5	   0.089	        	        	        	        	        	        	        	        	        	        	        	        	        	        	        	        	        
      65	   4.995	   0.000	  0.7372	0.060348	-0.02319	 0.04866	-0.004076	  0.7397	-0.023193	-0.00883	-0.13676	 0.01052	   30.17	2.651E+5	   0.089	        	        	        	        	        	        	        	        	        	        	        	        	        	        	        	        	        
      66	   0.004	   5.005	  0.2565	-0.029811	 0.10271	-0.05613	-0.038678	  0.2565	0.099718	 0.00110	-0.11968	-0.02372	   30.16	2.651E+5	   0.089	        	        	        	        	        	        	        	        	        	        	        	        	        	        	        	        	        
      67	   0.004	   5.005	  0.2507	-0.002561	 0.09990	-0.03095	-0.011286	  0.2507	0.099296	 0.00122	-0.09331	-0.02339	   30.16	2.650E+5	   0.089	        	        	        	        	        	        	        	        	        	        	        	        	        	        	        	        	        
      68	   0.004	   5.005	  0.2436	0.025902	 0.09632	 0.00342	0.017381	  0.2436	0.098215	 0.00120	-0.05751	-0.02323	   30.17	2.650E+5	   0.089	        	        	        	        	        	        	        	        	        	        	        	        	        	        	        	        	        
      69	   0.004	   5.005	  0.2366	0.045185	 0.09453	 0.02843	0.036747	  0.2366	0.098115	 0.00122	-0.03100	-0.02321	   30.14	2.648E+5	   0.089	        	        	        	        	        	        	        	        	        	        	        	        	        	        	        	        	        
      70	   4.995	   5.005	  0.7655	-0.013249	 0.09392	-0.04461	-0.087970	  0.7608	0.092411	 0.00295	-0.23434	-0.02058	   30.17	2.651E+5	   0.089	        	        	        	        	        	        	        	        	        	        	        	        	        	        	        	        	        
      71	   4.995	   5.005	  0.7566	0.013795	 0.09160	-0.01404	-0.060152	  0.7542	0.092456	 0.00318	-0.20246	-0.02035	   30.15	2.651E+5	   0.089	        	        	        	        	        	        	        	        	        	        	        	        	        	        	        	        	        
      72	   4.995	   5.005	  0.7453	0.042218	 0.08839	 0.02450	-0.030679	  0.7454	0.091731	 0.00311	-0.16211	-0.02022	   30.15	2.650E+5	   0.089	        	        	        	        	        	        	        	        	        	        	        	        	        	        	        	        	        
      73	   4.995	   5.005	  0.7351	0.061635	 0.08635	 0.05175	-0.010346	  0.7370	0.091396	 0.00318	-0.13303	-0.02018	   30.15	2.651E+5	   0.089	        	        	        	        	        	        	        	        	        	        	        	        	        	        	        	        	        
      74	   0.004	  10.000	  0.2881	-0.015728	 0.23771	-0.07888	-0.056790	  0.2881	0.231369	 0.01514	-0.15010	-0.05416	   30.16	2.652E+5	   0.089	        	        	        	        	        	        	        	        	        	        	        	        	        	        	        	        	        
      75	   0.004	  10.000	  0.2827	0.008224	 0.23290	-0.05225	-0.032366	  0.2827	0.230791	 0.01541	-0.12239	-0.05389	   30.15	2.650E+5	   0.089	        	        	        	        	        	        	        	        	        	        	        	        	        	        	        	        	        
      76	   0.004	  10.000	  0.2746	0.035550	 0.22719	-0.01953	-0.004463	  0.2746	0.229914	 0.01558	-0.08798	-0.05370	   30.15	2.650E+5	   0.089	        	        	        	        	        	        	        	        	        	        	        	        	        	        	        	        	        
      77	   0.004	  10.000	  0.2674	0.054365	 0.22348	 0.00866	0.014712	  0.2674	0.229520	 0.01575	-0.05829	-0.05376	   30.15	2.649E+5	   0.089	        	        	        	        	        	        	        	        	        	        	        	        	        	        	        	        	        
      78	   4.995	  10.000	  0.7839	-0.000393	 0.21440	-0.04070	-0.105730	  0.7776	0.211074	 0.01541	-0.23468	-0.04441	   30.15	2.650E+5	   0.089	        	        	        	        	        	        	        	        	        	        	        	        	        	        	        	        	        
      79	   4.995	  10.000	  0.7764	0.023606	 0.21013	-0.01324	-0.080797	  0.7723	0.211038	 0.01580	-0.20618	-0.04430	   30.14	2.650E+5	   0.089	        	        	        	        	        	        	        	        	        	        	        	        	        	        	        	        	        
      80	   4.995	  10.000	  0.7662	0.050930	 0.20537	 0.01903	-0.052280	  0.7646	0.211092	 0.01607	-0.17231	-0.04439	   30.16	2.652E+5	   0.089	        	        	        	        	        	        	        	        	        	        	        	        	        	        	        	        	        
      81	   4.995	  10.000	  0.7568	0.069648	 0.20193	 0.04655	-0.032501	  0.7569	0.210953	 0.01645	-0.14314	-0.04449	   30.15	2.652E+5	   0.089	        	        	        	        	        	        	        	        	        	        	        	        	        	        	        	        	        
      82	   0.004	  -4.995	  0.2582	-0.003996	-0.15260	-0.05126	-0.017288	  0.2582	-0.151677	-0.02341	-0.11528	 0.04790	   40.22	3.530E+5	   0.118	        	        	        	        	        	        	        	        	        	        	        	        	        	        	        	        	        
      83	   0.004	  -4.995	  0.2504	0.027440	-0.15012	-0.01653	0.014245	  0.2504	-0.151943	-0.02379	-0.07896	 0.04795	   40.22	3.528E+5	   0.118	        	        	        	        	        	        	        	        	        	        	        	        	        	        	        	        	        
      84	   0.004	  -4.995	  0.2473	0.037202	-0.14947	-0.00455	0.024027	  0.2473	-0.152141	-0.02397	-0.06633	 0.04803	   40.21	3.527E+5	   0.118	        	        	        	        	        	        	        	        	        	        	        	        	        	        	        	        	        
      85	   0.004	  -4.995	  0.2435	0.048507	-0.14895	 0.01135	0.035335	  0.2435	-0.152608	-0.02426	-0.04965	 0.04817	   40.19	3.524E+5	   0.118	        	        	        	        	        	        	        	        	        	        	        	        	        	        	        	        	        
      86	   4.995	  -4.995	  0.7641	0.011048	-0.13699	-0.05096	-0.067451	  0.7611	-0.137434	-0.02071	-0.24070	 0.04010	   40.19	3.523E+5	   0.118	        	        	        	        	        	        	        	        	        	        	        	        	        	        	        	        	        
      87	   4.995	  -4.995	  0.7513	0.042616	-0.13506	-0.01048	-0.034844	  0.7511	-0.138262	-0.02124	-0.19816	 0.04034	   40.20	3.526E+5	   0.118	        	        	        	        	        	        	        	        	        	        	        	        	        	        	        	        	        
      88	   4.995	  -4.995	  0.7469	0.052518	-0.13455	 0.00378	-0.024585	  0.7476	-0.138615	-0.02144	-0.18315	 0.04046	   40.20	3.525E+5	   0.118	        	        	        	        	        	        	        	        	        	        	        	        	        	        	        	        	        
      89	   4.995	  -4.995	  0.7415	0.063883	-0.13409	 0.02107	-0.012794	  0.7432	-0.139140	-0.02171	-0.16494	 0.04063	   40.21	3.525E+5	   0.118	        	        	        	        	        	        	        	        	        	        	        	        	        	        	        	        	        
      90	   0.005	   0.000	  0.2476	-0.013285	-0.02120	-0.02904	-0.013304	  0.2476	-0.021202	-0.00989	-0.09063	 0.01271	   40.21	3.523E+5	   0.118	        	        	        	        	        	        	        	        	        	        	        	        	        	        	        	        	        
      91	   0.005	   0.000	  0.2406	0.018817	-0.02216	 0.00343	0.018798	  0.2406	-0.022164	-0.01011	-0.05676	 0.01287	   40.21	3.521E+5	   0.118	        	        	        	        	        	        	        	        	        	        	        	        	        	        	        	        	        
      92	   0.005	   0.000	  0.2374	0.029057	-0.02311	 0.01506	0.029039	  0.2374	-0.023112	-0.01025	-0.04445	 0.01305	   40.21	3.521E+5	   0.118	        	        	        	        	        	        	        	        	        	        	        	        	        	        	        	        	        
      93	   0.005	   0.000	  0.2334	0.041015	-0.02465	 0.02938	0.040997	  0.2334	-0.024648	-0.01040	-0.02928	 0.01331	   40.21	3.520E+5	   0.118	        	        	        	        	        	        	        	        	        	        	        	        	        	        	        	        	        
      94	   4.995	   0.000	  0.7565	0.003587	-0.02146	-0.04179	-0.062299	  0.7539	-0.021458	-0.00846	-0.22984	 0.01070	   40.21	3.522E+5	   0.118	        	        	        	        	        	        	        	        	        	        	        	        	        	        	        	        	        
      95	   4.995	   0.000	  0.7461	0.035800	-0.02150	-0.00429	-0.029307	  0.7464	-0.021502	-0.00876	-0.19086	 0.01125	   40.19	3.522E+5	   0.118	        	        	        	        	        	        	        	        	        	        	        	        	        	        	        	        	        
      96	   4.995	   0.000	  0.7408	0.045520	-0.02503	 0.00866	-0.019160	  0.7420	-0.025027	-0.00898	-0.17693	 0.01116	   40.20	3.522E+5	   0.118	        	        	        	        	        	        	        	        	        	        	        	        	        	        	        	        	        
      97	   4.995	   0.000	  0.7358	0.056981	-0.02396	 0.02447	-0.007308	  0.7380	-0.023964	-0.00900	-0.16028	 0.01141	   40.21	3.523E+5	   0.118	        	        	        	        	        	        	        	        	        	        	        	        	        	        	        	        	        
      98	   0.005	   5.005	  0.2493	-0.009220	 0.09753	-0.03643	-0.017713	  0.2493	0.096357	 0.00173	-0.09837	-0.02247	   40.20	3.519E+5	   0.118	        	        	        	        	        	        	        	        	        	        	        	        	        	        	        	        	        
      99	   0.005	   5.005	  0.2411	0.022158	 0.09424	-0.00189	0.013833	  0.2411	0.095817	 0.00178	-0.06215	-0.02229	   40.20	3.519E+5	   0.118	        	        	        	        	        	        	        	        	        	        	        	        	        	        	        	        	        
     100	   0.005	   5.005	  0.2377	0.032032	 0.09329	 0.00986	0.023752	  0.2377	0.095725	 0.00182	-0.04966	-0.02232	   40.20	3.518E+5	   0.118	        	        	        	        	        	        	        	        	        	        	        	        	        	        	        	        	        
     101	   0.005	   5.005	  0.2337	0.043336	 0.09230	 0.02605	0.035100	  0.2337	0.095726	 0.00189	-0.03263	-0.02232	   40.20	3.518E+5	   0.118	        	        	        	        	        	        	        	        	        	        	        	        	        	        	        	        	        
     102	   4.995	   5.005	  0.7558	0.006846	 0.08794	-0.04115	-0.066657	  0.7528	0.088204	 0.00271	-0.22893	-0.01914	   40.21	3.519E+5	   0.118	        	        	        	        	        	        	        	        	        	        	        	        	        	        	        	        	        
     103	   4.995	   5.005	  0.7433	0.038057	 0.08494	-0.00058	-0.034339	  0.7431	0.087941	 0.00288	-0.18636	-0.01902	   40.20	3.520E+5	   0.118	        	        	        	        	        	        	        	        	        	        	        	        	        	        	        	        	        
     104	   4.995	   5.005	  0.7386	0.048038	 0.08406	 0.01277	-0.023950	  0.7394	0.087930	 0.00291	-0.17221	-0.01903	   40.21	3.521E+5	   0.118	        	        	        	        	        	        	        	        	        	        	        	        	        	        	        	        	        
     105	   4.995	   5.005	  0.7333	0.059246	 0.08315	 0.02987	-0.012282	  0.7350	0.088003	 0.00308	-0.15419	-0.01905	   40.21	3.520E+5	   0.118	        	        	        	        	        	        	        	        	        	        	        	        	        	        	        	        	        
     106	   0.005	  10.000	  0.2816	0.004746	 0.21280	-0.06685	-0.032301	  0.2816	0.210392	 0.01721	-0.13655	-0.04780	   40.21	3.519E+5	   0.118	        	        	        	        	        	        	        	        	        	        	        	        	        	        	        	        	        
     107	   0.005	  10.000	  0.2729	0.034405	 0.20699	-0.03183	-0.002083	  0.2729	0.209820	 0.01749	-0.09973	-0.04764	   40.20	3.517E+5	   0.118	        	        	        	        	        	        	        	        	        	        	        	        	        	        	        	        	        
     108	   0.005	  10.000	  0.2694	0.044155	 0.20522	-0.01758	0.007826	  0.2694	0.209774	 0.01767	-0.08474	-0.04769	   40.20	3.516E+5	   0.118	        	        	        	        	        	        	        	        	        	        	        	        	        	        	        	        	        
     109	   0.005	  10.000	  0.2654	0.054655	 0.20329	-0.00228	0.018503	  0.2654	0.209694	 0.01776	-0.06860	-0.04778	   40.21	3.516E+5	   0.118	        	        	        	        	        	        	        	        	        	        	        	        	        	        	        	        	        
     110	   4.995	  10.000	  0.7785	0.019220	 0.19499	-0.05320	-0.082658	  0.7742	0.195367	 0.01721	-0.24620	-0.03972	   40.19	3.515E+5	   0.118	        	        	        	        	        	        	        	        	        	        	        	        	        	        	        	        	        
     111	   4.995	  10.000	  0.7670	0.048872	 0.19004	-0.01745	-0.051718	  0.7655	0.195640	 0.01783	-0.20863	-0.03990	   40.21	3.519E+5	   0.118	        	        	        	        	        	        	        	        	        	        	        	        	        	        	        	        	        
     112	   4.995	  10.000	  0.7625	0.058475	 0.18850	-0.00338	-0.041634	  0.7617	0.195793	 0.01809	-0.19378	-0.03998	   40.21	3.519E+5	   0.118	        	        	        	        	        	        	        	        	        	        	        	        	        	        	        	        	        
     113	   4.995	  10.000	  0.7571	0.068946	 0.18657	 0.01270	-0.030560	  0.7573	0.195703	 0.01830	-0.17677	-0.04002	   40.22	3.520E+5	   0.118	        	        	        	        	        	        	        	        	        	        	        	        	        	        	        	        	        
