  Run_nr	   Alpha	    Beta	      CL	      CD	    Cyaw	 Cm_p_qc	      Ct	      Cn	   Cside	 Cm_roll	Cm_pitch	  Cm_yaw	       V	      Re	       M
       /	 degrees	 degrees	       /	       /	       /	       /	       /	       /	       /	       /	       /	       /	     m/s	       /	       /
       1	   0.004	   0.000	  0.2560	-0.035174	 0.01185	-0.06048	-0.035194	  0.2560	0.011852	-0.00127	-0.12386	-0.00204	   30.15	2.654E+5	   0.089	        	        	        	        	        	        	        	        	        	        	        	        	        	        	        	        	        
       2	   0.004	   0.000	  0.2512	-0.006968	 0.01155	-0.03819	-0.006987	  0.2512	0.011547	-0.00135	-0.10060	-0.00199	   30.09	2.648E+5	   0.089	        	        	        	        	        	        	        	        	        	        	        	        	        	        	        	        	        
       3	   0.004	   0.000	  0.2516	-0.006468	 0.01175	-0.03728	-0.006488	  0.2516	0.011752	-0.00136	-0.09979	-0.00195	   30.16	2.652E+5	   0.089	        	        	        	        	        	        	        	        	        	        	        	        	        	        	        	        	        
       4	   0.004	   0.000	  0.2448	0.022714	 0.01197	-0.00537	0.022695	  0.2448	0.011970	-0.00140	-0.06651	-0.00201	   30.16	2.653E+5	   0.089	        	        	        	        	        	        	        	        	        	        	        	        	        	        	        	        	        
       5	   0.004	   0.000	  0.2378	0.041873	 0.01040	 0.01873	0.041855	  0.2378	0.010401	-0.00149	-0.04090	-0.00202	   30.16	2.652E+5	   0.089	        	        	        	        	        	        	        	        	        	        	        	        	        	        	        	        	        
       6	   4.995	   0.000	  0.7627	-0.018173	 0.00737	-0.04295	-0.084515	  0.7582	0.007374	-0.00052	-0.23205	-0.00183	   30.15	2.652E+5	   0.089	        	        	        	        	        	        	        	        	        	        	        	        	        	        	        	        	        
       7	   4.995	   0.000	  0.7560	0.009945	 0.00568	-0.01525	-0.055920	  0.7540	0.005681	-0.00067	-0.20358	-0.00177	   30.16	2.653E+5	   0.089	        	        	        	        	        	        	        	        	        	        	        	        	        	        	        	        	        
       8	   4.995	   0.000	  0.7454	0.039357	 0.00746	 0.02105	-0.025696	  0.7460	0.007464	-0.00070	-0.16566	-0.00194	   30.16	2.652E+5	   0.089	        	        	        	        	        	        	        	        	        	        	        	        	        	        	        	        	        
       9	   4.995	   0.000	  0.7368	0.058732	 0.00772	 0.04436	-0.005647	  0.7391	0.007725	-0.00070	-0.14087	-0.00193	   30.15	2.652E+5	   0.089	        	        	        	        	        	        	        	        	        	        	        	        	        	        	        	        	        
      10	   0.004	   5.000	  0.2608	-0.029316	 0.13959	-0.07276	-0.041391	  0.2608	0.136508	 0.01067	-0.13722	-0.03913	   30.15	2.651E+5	   0.089	        	        	        	        	        	        	        	        	        	        	        	        	        	        	        	        	        
      11	   0.004	   5.000	  0.2560	-0.001961	 0.13697	-0.04656	-0.013911	  0.2560	0.136275	 0.01085	-0.11008	-0.03890	   30.16	2.652E+5	   0.089	        	        	        	        	        	        	        	        	        	        	        	        	        	        	        	        	        
      12	   0.004	   5.000	  0.2478	0.026465	 0.13374	-0.01427	0.014689	  0.2478	0.135537	 0.01089	-0.07607	-0.03883	   30.15	2.650E+5	   0.089	        	        	        	        	        	        	        	        	        	        	        	        	        	        	        	        	        
      13	   0.004	   5.000	  0.2406	0.045987	 0.13219	 0.01151	0.034272	  0.2406	0.135699	 0.01098	-0.04875	-0.03895	   30.15	2.650E+5	   0.089	        	        	        	        	        	        	        	        	        	        	        	        	        	        	        	        	        
      14	   4.995	   5.000	  0.7666	-0.012943	 0.11931	-0.05291	-0.089959	  0.7617	0.117725	 0.00999	-0.24279	-0.03096	   30.16	2.652E+5	   0.089	        	        	        	        	        	        	        	        	        	        	        	        	        	        	        	        	        
      15	   4.995	   5.000	  0.7582	0.014346	 0.11756	-0.02261	-0.061995	  0.7557	0.118362	 0.01024	-0.21130	-0.03098	   30.16	2.652E+5	   0.089	        	        	        	        	        	        	        	        	        	        	        	        	        	        	        	        	        
      16	   4.995	   5.000	  0.7460	0.042681	 0.11485	 0.01548	-0.032573	  0.7460	0.118128	 0.01049	-0.17117	-0.03104	   30.16	2.652E+5	   0.089	        	        	        	        	        	        	        	        	        	        	        	        	        	        	        	        	        
      17	   4.995	   5.000	  0.7367	0.062142	 0.11348	 0.04319	-0.012332	  0.7384	0.118467	 0.01069	-0.14186	-0.03126	   30.15	2.651E+5	   0.089	        	        	        	        	        	        	        	        	        	        	        	        	        	        	        	        	        
      18	   0.004	  10.000	  0.2927	-0.012223	 0.27492	-0.09833	-0.059800	  0.2927	0.268624	 0.02539	-0.17048	-0.07000	   30.16	2.652E+5	   0.089	        	        	        	        	        	        	        	        	        	        	        	        	        	        	        	        	        
      19	   0.004	  10.000	  0.2873	0.011620	 0.27037	-0.07213	-0.035529	  0.2873	0.268284	 0.02561	-0.14322	-0.06979	   30.15	2.651E+5	   0.089	        	        	        	        	        	        	        	        	        	        	        	        	        	        	        	        	        
      20	   0.004	  10.000	  0.2793	0.039251	 0.26378	-0.04127	-0.007172	  0.2793	0.266585	 0.02582	-0.11066	-0.06932	   30.15	2.651E+5	   0.089	        	        	        	        	        	        	        	        	        	        	        	        	        	        	        	        	        
      21	   0.004	  10.000	  0.2724	0.058306	 0.25998	-0.01361	0.012254	  0.2724	0.266157	 0.02617	-0.08156	-0.06935	   30.17	2.652E+5	   0.089	        	        	        	        	        	        	        	        	        	        	        	        	        	        	        	        	        
      22	   4.995	  10.000	  0.7881	0.002859	 0.24817	-0.05810	-0.108747	  0.7816	0.244898	 0.02420	-0.25289	-0.05812	   30.16	2.652E+5	   0.089	        	        	        	        	        	        	        	        	        	        	        	        	        	        	        	        	        
      23	   4.995	  10.000	  0.7798	0.027111	 0.24394	-0.03027	-0.083503	  0.7755	0.244937	 0.02460	-0.22383	-0.05800	   30.18	2.654E+5	   0.089	        	        	        	        	        	        	        	        	        	        	        	        	        	        	        	        	        
      24	   4.995	  10.000	  0.7692	0.054130	 0.23892	 0.00215	-0.055204	  0.7673	0.244689	 0.02491	-0.18970	-0.05801	   30.16	2.652E+5	   0.089	        	        	        	        	        	        	        	        	        	        	        	        	        	        	        	        	        
      25	   4.995	  10.000	  0.7605	0.072840	 0.23573	 0.03053	-0.035539	  0.7603	0.244797	 0.02526	-0.15985	-0.05815	   30.14	2.650E+5	   0.089	        	        	        	        	        	        	        	        	        	        	        	        	        	        	        	        	        
      26	   0.004	   0.000	  0.2502	-0.014906	 0.01395	-0.04030	-0.014925	  0.2502	0.013952	-0.00061	-0.10244	-0.00206	   40.22	3.529E+5	   0.119	        	        	        	        	        	        	        	        	        	        	        	        	        	        	        	        	        
      27	   0.004	   0.000	  0.2434	0.017154	 0.01280	-0.00816	0.017135	  0.2434	0.012797	-0.00077	-0.06894	-0.00209	   40.21	3.526E+5	   0.118	        	        	        	        	        	        	        	        	        	        	        	        	        	        	        	        	        
      28	   0.004	   0.000	  0.2399	0.027907	 0.01163	 0.00267	0.027888	  0.2399	0.011634	-0.00088	-0.05735	-0.00178	   40.20	3.525E+5	   0.118	        	        	        	        	        	        	        	        	        	        	        	        	        	        	        	        	        
      29	   0.004	   0.000	  0.2359	0.039353	 0.01132	 0.01793	0.039335	  0.2359	0.011322	-0.00096	-0.04124	-0.00175	   40.22	3.525E+5	   0.119	        	        	        	        	        	        	        	        	        	        	        	        	        	        	        	        	        
      30	   4.995	   0.000	  0.7550	0.002022	 0.00656	-0.04038	-0.063726	  0.7523	0.006562	-0.00087	-0.22802	-0.00138	   40.20	3.523E+5	   0.118	        	        	        	        	        	        	        	        	        	        	        	        	        	        	        	        	        
      31	   4.995	   0.000	  0.7442	0.034127	 0.00816	-0.00364	-0.030809	  0.7444	0.008161	-0.00073	-0.18970	-0.00131	   40.21	3.525E+5	   0.118	        	        	        	        	        	        	        	        	        	        	        	        	        	        	        	        	        
      32	   4.995	   0.000	  0.7399	0.043977	 0.00636	 0.00904	-0.020614	  0.7409	0.006364	-0.00085	-0.17627	-0.00149	   40.21	3.524E+5	   0.118	        	        	        	        	        	        	        	        	        	        	        	        	        	        	        	        	        
      33	   4.995	   0.000	  0.7352	0.055457	 0.00718	 0.02368	-0.008771	  0.7372	0.007176	-0.00080	-0.16087	-0.00156	   40.21	3.524E+5	   0.118	        	        	        	        	        	        	        	        	        	        	        	        	        	        	        	        	        
      34	   0.004	   4.995	  0.2531	-0.008359	 0.13472	-0.05126	-0.020077	  0.2531	0.133476	 0.01134	-0.11399	-0.03813	   40.23	3.523E+5	   0.118	        	        	        	        	        	        	        	        	        	        	        	        	        	        	        	        	        
      35	   0.004	   4.995	  0.2452	0.022973	 0.13176	-0.01692	0.011394	  0.2452	0.133265	 0.01150	-0.07805	-0.03811	   40.22	3.522E+5	   0.118	        	        	        	        	        	        	        	        	        	        	        	        	        	        	        	        	        
      36	   0.004	   4.995	  0.2419	0.032775	 0.13092	-0.00509	0.021233	  0.2419	0.133272	 0.01158	-0.06551	-0.03813	   40.21	3.520E+5	   0.118	        	        	        	        	        	        	        	        	        	        	        	        	        	        	        	        	        
      37	   0.004	   4.995	  0.2373	0.044184	 0.13003	 0.01094	0.032676	  0.2373	0.133385	 0.01170	-0.04850	-0.03821	   40.23	3.522E+5	   0.118	        	        	        	        	        	        	        	        	        	        	        	        	        	        	        	        	        
      38	   4.995	   4.995	  0.7561	0.007439	 0.11484	-0.04538	-0.068420	  0.7530	0.115052	 0.00996	-0.23317	-0.03017	   40.21	3.521E+5	   0.118	        	        	        	        	        	        	        	        	        	        	        	        	        	        	        	        	        
      39	   4.995	   4.995	  0.7435	0.038717	 0.11263	-0.00587	-0.036092	  0.7432	0.115578	 0.01033	-0.19161	-0.03037	   40.21	3.521E+5	   0.118	        	        	        	        	        	        	        	        	        	        	        	        	        	        	        	        	        
      40	   4.995	   4.995	  0.7390	0.048639	 0.11201	 0.00782	-0.025797	  0.7396	0.115819	 0.01050	-0.17716	-0.03046	   40.20	3.520E+5	   0.118	        	        	        	        	        	        	        	        	        	        	        	        	        	        	        	        	        
      41	   4.995	   4.995	  0.7336	0.059883	 0.11148	 0.02452	-0.014118	  0.7351	0.116274	 0.01071	-0.15952	-0.03063	   40.21	3.521E+5	   0.118	        	        	        	        	        	        	        	        	        	        	        	        	        	        	        	        	        
      42	   0.005	  10.000	  0.2859	0.008348	 0.24932	-0.08339	-0.035094	  0.2859	0.246979	 0.02697	-0.15400	-0.06333	   40.21	3.519E+5	   0.118	        	        	        	        	        	        	        	        	        	        	        	        	        	        	        	        	        
      43	   0.005	  10.000	  0.2776	0.038036	 0.24376	-0.04880	-0.004891	  0.2776	0.246657	 0.02735	-0.11770	-0.06325	   40.21	3.518E+5	   0.118	        	        	        	        	        	        	        	        	        	        	        	        	        	        	        	        	        
      44	   0.005	  10.000	  0.2741	0.047874	 0.24219	-0.03533	0.005069	  0.2741	0.246826	 0.02747	-0.10349	-0.06334	   40.21	3.517E+5	   0.118	        	        	        	        	        	        	        	        	        	        	        	        	        	        	        	        	        
      45	   0.005	  10.000	  0.2700	0.058228	 0.24025	-0.02022	0.015604	  0.2700	0.246707	 0.02756	-0.08751	-0.06342	   40.19	3.516E+5	   0.118	        	        	        	        	        	        	        	        	        	        	        	        	        	        	        	        	        
      46	   4.995	  10.000	  0.7811	0.022556	 0.22680	-0.06533	-0.085120	  0.7767	0.227267	 0.02567	-0.25881	-0.05278	   40.21	3.517E+5	   0.118	        	        	        	        	        	        	        	        	        	        	        	        	        	        	        	        	        
      47	   4.995	  10.000	  0.7695	0.052185	 0.22174	-0.02866	-0.054165	  0.7677	0.227433	 0.02622	-0.22028	-0.05286	   40.21	3.518E+5	   0.118	        	        	        	        	        	        	        	        	        	        	        	        	        	        	        	        	        
      48	   4.995	  10.000	  0.7648	0.061912	 0.22007	-0.01487	-0.043930	  0.7639	0.227482	 0.02640	-0.20570	-0.05291	   40.22	3.519E+5	   0.118	        	        	        	        	        	        	        	        	        	        	        	        	        	        	        	        	        
      49	   4.995	  10.000	  0.7595	0.072293	 0.21846	 0.00150	-0.033001	  0.7595	0.227698	 0.02664	-0.18839	-0.05305	   40.22	3.519E+5	   0.118	        	        	        	        	        	        	        	        	        	        	        	        	        	        	        	        	        
