  Run_nr	    Time	   Alpha	    Beta	Delta_Pb	   P_bar	       T	      B1	      B2	      B3	      B4	      B5	      B6	     rpm	     Rho	       Q	       V	      Re	 nrotor1	 nrotor2	      I1	      I2	    dptq	  Extra1	  Extra2	  Extra3	  Extra4	  Extra5	  Extra6	  Extra7	  Extra8	  Extra9	 Extra10
       /	   H:M:S	 degrees	 degrees	      Pa	     hPa	 degr._C	   steps	   steps	   steps	   steps	   steps	   steps	   1/min	  kg/m^3	      Pa	     m/s	       /	     1/s	     1/s	       A	       A	      Pa	       /	       /	       /	       /	       /	       /	       /	       /	       /	       /
      50	 16:07:54	   0.004	  -5.000	  234.78	 1003.40	   13.32	  -411.4	  2288.8	   999.9	  -253.7	  -495.4	 -1356.9	   0.000	   1.220	   548.5	    30.0	  338896	   92.00	   92.00	    8.22	    8.09	    0.00	  17.323	  17.021	  30.722	  30.662	   0.000	   0.000	   0.000	   0.000	   0.000	   0.000
      51	 16:08:40	   0.004	  -5.000	  235.14	 1003.47	   13.35	   -28.6	  2291.8	   933.3	  -327.3	  -172.8	 -1356.5	   0.000	   1.220	   549.3	    30.0	  339128	   84.00	   84.00	    5.53	    5.51	    0.00	  17.562	  17.199	  29.150	  29.557	   0.000	   0.000	   0.000	   0.000	   0.000	   0.000
      52	 16:09:25	   0.004	  -5.000	  235.29	 1003.42	   13.36	   374.4	  2289.1	   855.6	  -404.2	   177.0	 -1355.7	   0.000	   1.220	   549.7	    30.0	  339207	   74.00	   74.00	    2.82	    2.85	    0.00	  17.558	  17.260	  27.494	  28.313	   0.000	   0.000	   0.000	   0.000	   0.000	   0.000
      53	 16:09:56	   0.004	  -5.000	  235.11	 1003.45	   13.36	   643.4	  2297.2	   803.8	  -462.5	   416.2	 -1361.9	   0.000	   1.220	   549.3	    30.0	  339082	   66.00	   66.00	    1.14	    1.21	    0.00	  17.397	  17.181	  25.969	  26.604	   0.000	   0.000	   0.000	   0.000	   0.000	   0.000
      54	 16:10:39	   4.995	  -5.000	  234.81	 1003.50	   13.34	  -191.4	  2044.4	  1452.1	   372.2	  -520.9	 -1194.8	   0.000	   1.220	   548.6	    30.0	  338904	   92.00	   92.00	    9.15	    8.79	    0.00	  17.262	  17.058	  27.380	  27.674	   0.000	   0.000	   0.000	   0.000	   0.000	   0.000
      55	 16:11:23	   4.995	  -5.000	  234.89	 1003.47	   13.32	   187.2	  2052.7	  1382.5	   292.8	  -194.0	 -1197.3	   0.000	   1.220	   548.8	    30.0	  338990	   84.00	   84.00	    6.12	    6.19	    0.00	  17.369	  17.131	  26.233	  26.608	   0.000	   0.000	   0.000	   0.000	   0.000	   0.000
      56	 16:12:26	   4.995	  -5.000	  235.00	 1003.53	   13.28	   590.5	  2059.0	  1301.9	   206.8	   165.7	 -1203.1	   0.000	   1.221	   549.0	    30.0	  339140	   74.00	   74.00	    3.06	    3.23	    0.00	  17.304	  17.167	  25.162	  25.399	   0.000	   0.000	   0.000	   0.000	   0.000	   0.000
      57	 16:13:24	   4.995	  -5.000	  234.98	 1003.54	   13.28	   860.2	  2069.4	  1246.6	   144.8	   409.2	 -1211.5	   0.000	   1.221	   549.0	    30.0	  339123	   66.00	   66.00	    1.25	    1.39	    0.00	  16.971	  16.947	  22.995	  23.863	   0.000	   0.000	   0.000	   0.000	   0.000	   0.000
      58	 16:14:56	   0.004	   0.000	  235.34	 1003.54	   13.32	  -345.5	   450.0	   471.5	   211.1	  -399.2	  -346.5	   0.000	   1.220	   549.8	    30.0	  339320	   92.00	   92.00	    9.71	    9.31	    0.00	  17.113	  16.960	  25.894	  26.477	   0.000	   0.000	   0.000	   0.000	   0.000	   0.000
      59	 16:15:34	   0.004	   0.000	  235.10	 1003.54	   13.32	    54.7	   454.4	   401.2	   139.5	   -69.1	  -351.9	   0.000	   1.220	   549.2	    30.0	  339154	   84.00	   84.00	    6.49	    6.13	    0.00	  17.313	  17.125	  24.629	  25.390	   0.000	   0.000	   0.000	   0.000	   0.000	   0.000
      60	 16:16:17	   0.004	   0.000	  234.96	 1003.63	   13.32	   459.4	   457.7	   324.6	    62.4	   278.5	  -355.2	   0.000	   1.220	   548.9	    30.0	  339064	   74.00	   74.00	    3.34	    3.23	    0.00	  17.295	  17.138	  23.256	  24.003	   0.000	   0.000	   0.000	   0.000	   0.000	   0.000
      61	 16:17:14	   0.004	   0.000	  235.31	 1003.65	   13.32	   731.4	   468.5	   273.4	     4.9	   518.1	  -361.7	   0.000	   1.221	   549.7	    30.0	  339323	   66.00	   66.00	    1.40	    1.29	    0.00	  16.994	  16.932	  21.094	  22.541	   0.000	   0.000	   0.000	   0.000	   0.000	   0.000
      62	 16:18:01	   4.995	   0.000	  235.06	 1003.68	   13.32	  -130.9	   386.7	   995.3	   784.7	  -452.8	  -288.1	   0.000	   1.221	   549.2	    30.0	  339147	   92.00	   92.00	    9.73	    9.33	    0.00	  16.847	  16.767	  25.894	  26.463	   0.000	   0.000	   0.000	   0.000	   0.000	   0.000
      63	 16:18:55	   4.995	   0.000	  234.71	 1003.70	   13.28	   259.1	   410.6	   927.2	   700.5	  -120.5	  -297.4	   0.000	   1.221	   548.3	    30.0	  338954	   84.00	   84.00	    6.52	    6.17	    0.00	  17.008	  16.846	  24.816	  25.407	   0.000	   0.000	   0.000	   0.000	   0.000	   0.000
      64	 16:19:43	   4.995	   0.000	  235.11	 1003.68	   13.28	   672.6	   413.6	   843.2	   618.0	   243.7	  -304.5	   0.000	   1.221	   549.3	    30.0	  339246	   74.00	   74.00	    3.36	    3.20	    0.00	  16.967	  16.824	  23.410	  24.319	   0.000	   0.000	   0.000	   0.000	   0.000	   0.000
      65	 16:20:23	   4.995	   0.000	  235.33	 1003.75	   13.26	   943.9	   428.9	   790.8	   558.2	   483.9	  -315.9	   0.000	   1.221	   549.8	    30.0	  339444	   66.00	   66.00	    1.42	    1.27	    0.00	  16.797	  16.704	  21.274	  22.849	   0.000	   0.000	   0.000	   0.000	   0.000	   0.000
      66	 16:21:38	   0.004	   5.005	  235.31	 1003.81	   13.28	  -414.4	 -1311.3	    24.2	   693.0	  -470.2	   657.9	   0.000	   1.221	   549.7	    30.0	  339408	   92.00	   92.00	    9.62	    9.20	    0.00	  16.880	  16.719	  25.865	  26.433	   0.000	   0.000	   0.000	   0.000	   0.000	   0.000
      67	 16:22:19	   0.004	   5.005	  235.26	 1003.84	   13.31	   -32.3	 -1300.7	   -45.9	   622.1	  -149.0	   648.6	   0.000	   1.221	   549.6	    30.0	  339340	   84.00	   84.00	    6.62	    6.08	    0.00	  17.105	  16.896	  24.490	  25.375	   0.000	   0.000	   0.000	   0.000	   0.000	   0.000
      68	 16:23:27	   0.004	   5.005	  235.34	 1003.84	   13.32	   367.5	 -1289.1	  -120.0	   541.4	   200.6	   644.4	   0.000	   1.221	   549.8	    30.0	  339377	   74.00	   74.00	    3.54	    3.20	    0.00	  17.069	  16.905	  23.168	  23.990	   0.000	   0.000	   0.000	   0.000	   0.000	   0.000
      69	 16:24:07	   0.004	   5.005	  234.93	 1003.88	   13.32	   636.5	 -1285.4	  -175.3	   485.1	   439.8	   642.4	   0.000	   1.221	   548.8	    30.0	  339082	   66.00	   66.00	    1.52	    1.28	    0.00	  16.887	  16.773	  21.756	  22.550	   0.000	   0.000	   0.000	   0.000	   0.000	   0.000
      70	 16:24:59	   4.995	   5.005	  235.41	 1003.93	   13.29	  -191.8	 -1193.2	   591.3	  1211.6	  -504.7	   581.0	   0.000	   1.221	   550.0	    30.0	  339486	   92.00	   92.00	    9.64	    9.25	    0.00	  16.774	  16.631	  25.863	  26.446	   0.000	   0.000	   0.000	   0.000	   0.000	   0.000
      71	 16:26:16	   4.995	   5.005	  235.18	 1004.05	   13.24	   186.7	 -1187.9	   513.9	  1137.3	  -176.6	   574.4	   0.000	   1.221	   549.4	    30.0	  339414	   84.00	   84.00	    6.71	    6.10	    0.00	  17.094	  16.862	  24.524	  25.376	   0.000	   0.000	   0.000	   0.000	   0.000	   0.000
      72	 16:27:19	   4.995	   5.005	  235.13	 1004.06	   13.24	   585.1	 -1179.0	   432.9	  1051.6	   179.4	   570.4	   0.000	   1.221	   549.3	    30.0	  339381	   74.00	   74.00	    3.61	    3.16	    0.00	  16.990	  16.794	  23.217	  24.148	   0.000	   0.000	   0.000	   0.000	   0.000	   0.000
      73	 16:27:58	   4.995	   5.005	  235.18	 1004.05	   13.24	   857.4	 -1175.8	   373.6	   991.5	   425.1	   569.4	   0.000	   1.221	   549.4	    30.0	  339420	   66.00	   66.00	    1.60	    1.22	    0.00	  16.813	  16.663	  21.666	  22.837	   0.000	   0.000	   0.000	   0.000	   0.000	   0.000
      74	 16:29:16	   0.004	  10.000	  235.41	 1004.18	   13.28	  -663.1	 -3015.9	  -405.5	  1281.3	  -702.5	  1497.8	   0.000	   1.221	   550.0	    30.0	  339543	   92.01	   92.00	    7.27	    6.70	    0.00	  17.120	  16.823	  33.965	  36.033	   0.000	   0.000	   0.000	   0.000	   0.000	   0.000
      75	 16:29:51	   0.004	  10.000	  235.20	 1004.12	   13.29	  -322.0	 -3002.9	  -469.5	  1215.6	  -408.7	  1489.0	   0.000	   1.221	   549.5	    30.0	  339375	   84.00	   84.00	    5.21	    4.63	    0.00	  17.435	  17.089	  32.233	  34.854	   0.000	   0.000	   0.000	   0.000	   0.000	   0.000
      76	 16:30:58	   0.004	  10.000	  235.18	 1004.11	   13.30	    66.9	 -2991.7	  -544.3	  1137.4	   -69.2	  1483.6	   0.000	   1.221	   549.4	    30.0	  339332	   74.00	   74.00	    2.91	    2.44	    0.00	  17.566	  17.279	  30.546	  33.187	   0.000	   0.000	   0.000	   0.000	   0.000	   0.000
      77	 16:31:41	   0.004	  10.000	  235.09	 1004.13	   13.32	   334.1	 -2988.4	  -600.2	  1080.6	   173.9	  1484.4	   0.000	   1.221	   549.2	    30.0	  339240	   66.00	   66.00	    1.36	    1.04	    0.00	  17.352	  17.144	  28.715	  31.230	   0.000	   0.000	   0.000	   0.000	   0.000	   0.000
      78	 16:32:22	   4.995	  10.000	  235.16	 1004.19	   13.31	  -413.7	 -2674.5	   196.9	  1707.1	  -667.6	  1269.7	   0.000	   1.221	   549.4	    30.0	  339321	   92.00	   92.00	    8.34	    7.54	    0.00	  17.220	  17.022	  29.898	  32.416	   0.000	   0.000	   0.000	   0.000	   0.000	   0.000
      79	 16:33:01	   4.995	  10.000	  235.06	 1004.12	   13.28	   -73.9	 -2671.5	   127.8	  1642.1	  -373.5	  1267.0	   0.000	   1.221	   549.1	    30.0	  339282	   84.00	   84.00	    6.17	    5.16	    0.00	  17.409	  17.151	  27.610	  31.293	   0.000	   0.000	   0.000	   0.000	   0.000	   0.000
      80	 16:33:44	   4.995	  10.000	  235.36	 1004.28	   13.26	   312.9	 -2677.7	    47.8	  1567.9	   -36.8	  1271.6	   0.000	   1.222	   549.8	    30.0	  339556	   74.00	   74.00	    3.42	    2.70	    0.00	  17.454	  17.213	  26.523	  29.493	   0.000	   0.000	   0.000	   0.000	   0.000	   0.000
      81	 16:34:32	   4.995	  10.000	  235.30	 1004.29	   13.25	   578.2	 -2678.8	   -12.2	  1511.2	   204.2	  1274.9	   0.000	   1.222	   549.7	    30.0	  339525	   66.00	   66.00	    1.71	    1.09	    0.00	  17.261	  17.081	  25.173	  27.725	   0.000	   0.000	   0.000	   0.000	   0.000	   0.000
      82	 16:36:29	   0.004	  -4.995	  416.89	 1004.40	   13.57	  -211.2	  4007.4	  1684.5	  -535.0	  -442.5	 -2367.1	   0.000	   1.220	   977.0	    40.0	  452035	  112.00	  112.00	   12.87	   12.46	    0.00	  18.993	  18.267	  31.936	  32.647	   0.000	   0.000	   0.000	   0.000	   0.000	   0.000
      83	 16:37:33	   0.004	  -4.995	  416.71	 1004.41	   13.69	   570.2	  4011.2	  1538.8	  -688.8	   231.4	 -2368.5	   0.000	   1.220	   976.6	    40.0	  451690	   98.00	   98.00	    6.22	    6.12	    0.00	  19.639	  18.963	  30.292	  31.367	   0.000	   0.000	   0.000	   0.000	   0.000	   0.000
      84	 16:38:14	   0.004	  -4.995	  416.51	 1004.48	   13.72	   812.2	  4015.2	  1492.3	  -739.5	   444.1	 -2371.5	   0.000	   1.220	   976.1	    40.0	  451538	   93.00	   93.00	    4.39	    4.38	    0.00	  19.408	  18.924	  28.836	  30.105	   0.000	   0.000	   0.000	   0.000	   0.000	   0.000
      85	 16:38:56	   0.004	  -4.995	  416.05	 1004.50	   13.76	  1091.1	  4022.6	  1438.4	  -801.5	   695.5	 -2375.7	   0.000	   1.220	   975.1	    40.0	  451214	   87.00	   87.00	    2.31	    2.38	    0.00	  18.975	  18.666	  27.165	  28.631	   0.000	   0.000	   0.000	   0.000	   0.000	   0.000
      86	 16:39:33	   4.995	  -4.995	  415.87	 1004.54	   13.76	   161.2	  3573.8	  2502.1	   575.8	  -550.4	 -2075.5	   0.000	   1.220	   974.6	    40.0	  451126	  112.00	  112.00	   12.99	   12.56	    0.00	  18.745	  18.454	  31.879	  32.574	   0.000	   0.000	   0.000	   0.000	   0.000	   0.000
      87	 16:40:17	   4.995	  -4.995	  416.32	 1004.58	   13.74	   944.0	  3600.5	  2351.3	   404.9	   141.7	 -2092.3	   0.000	   1.220	   975.7	    40.0	  451427	   98.00	   98.00	    6.22	    6.21	    0.00	  18.983	  18.597	  30.587	  31.389	   0.000	   0.000	   0.000	   0.000	   0.000	   0.000
      88	 16:40:53	   4.995	  -4.995	  416.24	 1004.53	   13.74	  1189.1	  3609.8	  2301.8	   348.4	   363.7	 -2098.3	   0.000	   1.220	   975.5	    40.0	  451367	   93.00	   93.00	    4.38	    4.44	    0.00	  18.920	  18.594	  29.102	  30.138	   0.000	   0.000	   0.000	   0.000	   0.000	   0.000
      89	 16:41:29	   4.995	  -4.995	  416.33	 1004.58	   13.76	  1470.7	  3625.4	  2245.9	   281.6	   621.2	 -2108.4	   0.000	   1.220	   975.7	    40.0	  451391	   87.00	   87.00	    2.25	    2.46	    0.00	  18.697	  18.453	  27.556	  28.488	   0.000	   0.000	   0.000	   0.000	   0.000	   0.000
      90	 16:42:50	   0.005	   0.000	  416.32	 1004.68	   13.90	  -113.8	   784.1	   740.8	   305.0	  -295.0	  -625.2	   0.000	   1.219	   975.7	    40.0	  451119	  112.00	  112.00	   13.01	   12.46	    0.00	  18.471	  18.225	  31.911	  32.556	   0.000	   0.000	   0.000	   0.000	   0.000	   0.000
      91	 16:43:35	   0.005	   0.000	  416.09	 1004.72	   13.96	   680.5	   803.8	   599.0	   149.4	   381.4	  -633.3	   0.000	   1.219	   975.1	    40.0	  450884	   98.01	   98.00	    6.28	    5.97	    0.00	  18.937	  18.562	  30.451	  31.280	   0.000	   0.000	   0.000	   0.000	   0.000	   0.000
      92	 16:44:16	   0.005	   0.000	  416.08	 1004.73	   13.98	   933.9	   823.8	   555.6	    92.6	   601.5	  -641.8	   0.000	   1.219	   975.1	    40.0	  450839	   93.00	   93.00	    4.45	    4.20	    0.00	  18.929	  18.620	  28.973	  29.996	   0.000	   0.000	   0.000	   0.000	   0.000	   0.000
      93	 16:44:57	   0.005	   0.000	  416.02	 1004.75	   14.02	  1229.6	   855.6	   506.3	    23.1	   860.7	  -654.8	   0.000	   1.219	   975.0	    40.0	  450739	   87.00	   87.00	    2.37	    2.18	    0.00	  18.677	  18.466	  27.117	  28.412	   0.000	   0.000	   0.000	   0.000	   0.000	   0.000
      94	 16:45:50	   4.995	   0.000	  416.12	 1004.82	   13.97	   271.4	   741.0	  1697.3	  1303.9	  -434.0	  -564.5	   0.000	   1.219	   975.2	    40.0	  450907	  112.00	  112.00	   13.10	   12.53	    0.00	  18.687	  18.380	  31.949	  32.566	   0.000	   0.000	   0.000	   0.000	   0.000	   0.000
      95	 16:46:37	   4.995	   0.000	  415.91	 1004.87	   13.92	  1068.0	   763.3	  1540.4	  1143.2	   259.0	  -593.0	   0.000	   1.219	   974.7	    40.0	  450902	   98.00	   98.00	    6.32	    5.98	    0.00	  19.133	  18.699	  30.636	  31.500	   0.000	   0.000	   0.000	   0.000	   0.000	   0.000
      96	 16:47:16	   4.995	   0.000	  416.03	 1004.92	   13.92	  1308.8	   811.0	  1510.3	  1068.0	   474.5	  -589.6	   0.000	   1.219	   975.0	    40.0	  450974	   93.00	   93.00	    4.46	    4.19	    0.00	  19.115	  18.729	  29.408	  30.217	   0.000	   0.000	   0.000	   0.000	   0.000	   0.000
      97	 16:48:00	   4.995	   0.000	  416.27	 1004.86	   13.95	  1593.2	   805.8	  1444.4	  1014.8	   729.5	  -602.4	   0.000	   1.219	   975.6	    40.0	  451032	   87.00	   87.00	    2.43	    2.18	    0.00	  18.834	  18.556	  27.123	  28.642	   0.000	   0.000	   0.000	   0.000	   0.000	   0.000
      98	 16:49:08	   0.005	   5.005	  415.86	 1004.93	   14.05	  -218.4	 -2225.3	   -33.3	  1122.0	  -395.9	  1100.3	   0.000	   1.219	   974.6	    40.0	  450624	  112.00	  112.00	   13.04	   12.30	    0.00	  18.990	  18.581	  31.931	  32.480	   0.000	   0.000	   0.000	   0.000	   0.000	   0.000
      99	 16:49:59	   0.005	   5.005	  415.90	 1004.94	   14.10	   561.7	 -2211.1	  -181.3	   970.1	   277.1	  1091.4	   0.000	   1.219	   974.7	    40.0	  450548	   98.00	   98.00	    6.43	    5.91	    0.00	  19.504	  18.974	  30.687	  31.029	   0.000	   0.000	   0.000	   0.000	   0.000	   0.000
     100	 16:50:35	   0.005	   5.005	  415.90	 1005.01	   14.14	   807.0	 -2210.8	  -230.8	   920.7	   492.0	  1092.7	   0.000	   1.219	   974.7	    40.0	  450486	   93.01	   93.00	    4.65	    4.13	    0.00	  19.465	  18.983	  29.066	  29.756	   0.000	   0.000	   0.000	   0.000	   0.000	   0.000
     101	 16:51:21	   0.005	   5.005	  415.80	 1005.00	   14.16	  1087.4	 -2210.4	  -290.0	   863.2	   745.5	  1092.4	   0.000	   1.219	   974.5	    40.0	  450391	   87.00	   87.00	    2.57	    2.12	    0.00	  19.133	  18.763	  27.652	  28.194	   0.000	   0.000	   0.000	   0.000	   0.000	   0.000
     102	 16:52:12	   4.995	   5.005	  416.05	 1005.11	   14.13	   165.8	 -1995.9	   990.6	  2035.4	  -510.5	   953.4	   0.000	   1.219	   975.1	    40.0	  450603	  112.00	  112.00	   13.14	   12.38	    0.00	  19.049	  18.595	  31.946	  32.484	   0.000	   0.000	   0.000	   0.000	   0.000	   0.000
     103	 16:53:23	   4.995	   5.005	  415.92	 1005.09	   14.06	   941.2	 -1987.5	   828.4	  1874.7	   177.7	   947.6	   0.000	   1.219	   974.8	    40.0	  450675	   98.00	   98.00	    6.59	    5.98	    0.00	  19.712	  19.053	  30.466	  30.888	   0.000	   0.000	   0.000	   0.000	   0.000	   0.000
     104	 16:54:04	   4.995	   5.005	  416.17	 1005.15	   14.06	  1189.7	 -1988.9	   775.4	  1823.1	   399.5	   948.5	   0.000	   1.219	   975.3	    40.0	  450817	   93.00	   93.00	    4.70	    4.12	    0.00	  19.618	  19.021	  29.412	  29.836	   0.000	   0.000	   0.000	   0.000	   0.000	   0.000
     105	 16:54:46	   4.995	   5.005	  416.10	 1005.13	   14.09	  1467.7	 -1991.1	   711.9	  1764.2	   654.3	   950.2	   0.000	   1.219	   975.2	    40.0	  450719	   87.00	   87.00	    2.69	    2.07	    0.00	  19.277	  18.789	  27.827	  28.219	   0.000	   0.000	   0.000	   0.000	   0.000	   0.000
     106	 16:56:03	   0.005	  10.000	  416.05	 1005.22	   14.19	  -575.5	 -4804.4	  -713.2	  2070.0	  -768.0	  2336.6	   0.000	   1.219	   975.1	    40.0	  450518	  112.00	  112.00	   13.06	   12.19	    0.00	  19.487	  18.802	  31.931	  32.431	   0.000	   0.000	   0.000	   0.000	   0.000	   0.000
     107	 16:57:05	   0.005	  10.000	  415.80	 1005.21	   14.24	   172.0	 -4787.2	  -859.5	  1922.2	  -116.5	  2327.0	   0.000	   1.218	   974.5	    40.0	  450276	   98.01	   98.00	    6.86	    6.07	    0.00	  19.910	  19.152	  30.355	  30.938	   0.000	   0.000	   0.000	   0.000	   0.000	   0.000
     108	 16:57:53	   0.005	  10.000	  415.74	 1005.25	   14.28	   416.9	 -4787.4	  -912.1	  1872.7	   105.4	  2328.6	   0.000	   1.218	   974.3	    40.0	  450172	   93.00	   93.00	    5.09	    4.32	    0.00	  19.748	  19.080	  28.958	  29.544	   0.000	   0.000	   0.000	   0.000	   0.000	   0.000
     109	 16:58:36	   0.005	  10.000	  415.84	 1005.24	   14.30	   681.0	 -4790.7	  -968.4	  1818.4	   344.6	  2333.4	   0.000	   1.218	   974.6	    40.0	  450184	   87.00	   87.00	    3.15	    2.40	    0.00	  19.416	  18.847	  27.479	  28.157	   0.000	   0.000	   0.000	   0.000	   0.000	   0.000
     110	 16:59:15	   4.995	  10.000	  415.55	 1005.29	   14.29	  -178.4	 -4342.2	   346.2	  2879.7	  -811.5	  2020.5	   0.000	   1.218	   973.9	    40.0	  450062	  112.00	  112.00	   13.23	   12.27	    0.00	  19.226	  18.650	  31.951	  32.419	   0.000	   0.000	   0.000	   0.000	   0.000	   0.000
     111	 17:00:16	   4.995	  10.000	  416.06	 1005.35	   14.21	   565.1	 -4360.1	   186.9	  2739.8	  -161.8	  2034.0	   0.000	   1.219	   975.1	    40.0	  450516	   98.00	   98.00	    7.09	    5.99	    0.00	  19.689	  18.912	  30.442	  31.284	   0.000	   0.000	   0.000	   0.000	   0.000	   0.000
     112	 17:00:55	   4.995	  10.000	  416.11	 1005.37	   14.21	   805.7	 -4366.6	   131.2	  2691.5	    56.6	  2039.1	   0.000	   1.219	   975.2	    40.0	  450546	   93.00	   93.00	    5.46	    4.20	    0.00	  19.643	  18.907	  28.375	  30.003	   0.000	   0.000	   0.000	   0.000	   0.000	   0.000
     113	 17:01:44	   4.995	  10.000	  416.31	 1005.38	   14.21	  1069.8	 -4369.8	    71.2	  2636.2	   298.0	  2042.9	   0.000	   1.219	   975.7	    40.0	  450648	   87.00	   87.00	    3.50	    2.22	    0.00	  19.321	  18.689	  26.911	  28.475	   0.000	   0.000	   0.000	   0.000	   0.000	   0.000
