  Run_nr	    Time	   Alpha	    Beta	Delta_Pb	   P_bar	       T	      B1	      B2	      B3	      B4	      B5	      B6	     rpm	     Rho	       Q	       V	      Re	 nrotor1	 nrotor2	      I1	      I2	    dptq	  Extra1	  Extra2	  Extra3	  Extra4	  Extra5	  Extra6	  Extra7	  Extra8	  Extra9	 Extra10
       /	   H:M:S	 degrees	 degrees	      Pa	     hPa	 degr._C	   steps	   steps	   steps	   steps	   steps	   steps	   1/min	  kg/m^3	      Pa	     m/s	       /	     1/s	     1/s	       A	       A	      Pa	       /	       /	       /	       /	       /	       /	       /	       /	       /	       /
       1	 15:22:08	   0.004	   0.000	  235.13	 1001.72	   12.71	  -370.0	  -137.6	   318.6	   387.9	  -442.4	    52.7	   0.000	   1.221	   549.3	    30.0	  339788	   92.00	   92.00	    8.15	    8.00	    0.00	  15.426	  15.294	  31.336	  31.289	   0.000	   0.000	   0.000	   0.000	   0.000	   0.000
       2	 15:22:34	   0.004	   0.000	  234.15	 1001.70	   12.75	    23.0	  -133.6	   248.6	   315.4	  -117.8	    51.1	   0.000	   1.221	   547.0	    29.9	  339009	   84.00	   84.00	    5.51	    5.31	    0.00	  15.811	  15.622	  29.860	  30.056	   0.000	   0.000	   0.000	   0.000	   0.000	   0.000
       3	 15:23:31	   0.004	   0.000	  235.12	 1001.75	   12.81	    30.0	  -135.0	   248.2	   316.5	  -111.9	    50.3	   0.000	   1.220	   549.3	    30.0	  339637	   84.00	   84.00	    5.48	    5.30	    0.00	  16.246	  16.041	  29.878	  29.991	   0.000	   0.000	   0.000	   0.000	   0.000	   0.000
       4	 15:24:10	   0.004	   0.000	  235.24	 1001.86	   12.82	   436.9	  -138.0	   170.2	   240.2	   238.6	    51.7	   0.000	   1.220	   549.6	    30.0	  339724	   74.00	   74.00	    2.78	    2.71	    0.00	  16.323	  16.155	  28.297	  28.456	   0.000	   0.000	   0.000	   0.000	   0.000	   0.000
       5	 15:24:43	   0.004	   0.000	  235.11	 1001.86	   12.84	   703.7	  -125.6	   120.7	   180.0	   474.6	    51.9	   0.000	   1.220	   549.3	    30.0	  339605	   66.00	   66.00	    1.17	    1.06	    0.00	  16.232	  16.111	  26.334	  26.984	   0.000	   0.000	   0.000	   0.000	   0.000	   0.000
       6	 15:25:23	   4.995	   0.000	  235.04	 1001.93	   12.86	  -151.2	   -96.4	   868.2	   913.6	  -468.5	    46.1	   0.000	   1.220	   549.1	    30.0	  339530	   92.00	   92.00	    9.09	    8.78	    0.00	  16.134	  16.025	  27.782	  28.041	   0.000	   0.000	   0.000	   0.000	   0.000	   0.000
       7	 15:25:56	   4.995	   0.000	  235.21	 1001.95	   12.84	   240.7	   -81.2	   801.3	   834.7	  -137.0	    43.9	   0.000	   1.220	   549.5	    30.0	  339688	   84.00	   84.00	    6.12	    5.98	    0.00	  16.264	  16.102	  26.380	  26.858	   0.000	   0.000	   0.000	   0.000	   0.000	   0.000
       8	 15:26:45	   4.995	   0.000	  235.11	 1001.91	   12.83	   650.4	   -99.1	   711.8	   757.0	   223.3	    48.4	   0.000	   1.220	   549.3	    30.0	  339622	   74.00	   74.00	    3.16	    3.02	    0.00	  16.293	  16.173	  25.071	  25.586	   0.000	   0.000	   0.000	   0.000	   0.000	   0.000
       9	 15:27:23	   4.995	   0.000	  235.07	 1001.99	   12.84	   920.2	  -101.0	   654.1	   701.5	   460.3	    48.1	   0.000	   1.221	   549.2	    30.0	  339603	   66.00	   66.00	    1.33	    1.20	    0.00	  16.158	  16.094	  23.309	  24.047	   0.000	   0.000	   0.000	   0.000	   0.000	   0.000
      10	 15:28:43	   0.004	   5.000	  235.01	 1002.00	   12.90	  -451.7	 -1932.7	  -133.5	   881.0	  -525.9	  1081.0	   0.000	   1.220	   549.0	    30.0	  339465	   92.00	   92.00	    9.62	    9.16	    0.00	  16.373	  16.201	  25.894	  26.460	   0.000	   0.000	   0.000	   0.000	   0.000	   0.000
      11	 15:29:28	   0.004	   5.000	  235.19	 1002.11	   12.91	   -69.0	 -1927.4	  -204.0	   812.4	  -203.1	  1075.3	   0.000	   1.220	   549.5	    30.0	  339598	   84.00	   84.00	    6.65	    6.04	    0.00	  16.656	  16.429	  24.526	  25.397	   0.000	   0.000	   0.000	   0.000	   0.000	   0.000
      12	 15:29:58	   0.004	   5.000	  234.96	 1002.01	   12.93	   329.4	 -1918.0	  -279.7	   731.9	   142.6	  1072.2	   0.000	   1.220	   548.9	    30.0	  339381	   74.00	   74.00	    3.56	    3.16	    0.00	  16.677	  16.465	  23.211	  24.181	   0.000	   0.000	   0.000	   0.000	   0.000	   0.000
      13	 15:30:28	   0.004	   5.000	  234.94	 1002.05	   12.94	   602.0	 -1921.6	  -337.2	   676.9	   385.8	  1075.1	   0.000	   1.220	   548.9	    30.0	  339357	   66.00	   66.00	    1.57	    1.24	    0.00	  16.571	  16.406	  21.437	  22.698	   0.000	   0.000	   0.000	   0.000	   0.000	   0.000
      14	 15:31:22	   4.995	   5.000	  235.10	 1002.16	   12.93	  -218.1	 -1629.8	   481.6	  1334.3	  -537.1	   883.9	   0.000	   1.220	   549.2	    30.0	  339514	   92.00	   92.00	    9.64	    9.23	    0.00	  16.516	  16.321	  25.886	  26.463	   0.000	   0.000	   0.000	   0.000	   0.000	   0.000
      15	 15:31:57	   4.995	   5.000	  235.15	 1002.20	   12.90	   162.9	 -1636.1	   403.2	  1263.7	  -208.4	   885.0	   0.000	   1.221	   549.4	    30.0	  339590	   84.00	   84.00	    6.72	    6.08	    0.00	  16.659	  16.418	  24.519	  25.392	   0.000	   0.000	   0.000	   0.000	   0.000	   0.000
      16	 15:32:35	   4.995	   5.000	  235.14	 1002.24	   12.90	   559.5	 -1635.8	   318.5	  1180.8	   146.0	   887.0	   0.000	   1.221	   549.3	    30.0	  339598	   74.00	   74.00	    3.60	    3.11	    0.00	  16.645	  16.427	  23.394	  24.483	   0.000	   0.000	   0.000	   0.000	   0.000	   0.000
      17	 15:33:04	   4.995	   5.000	  235.01	 1002.25	   12.90	   830.9	 -1642.7	   257.0	  1123.5	   391.6	   893.0	   0.000	   1.221	   549.0	    30.0	  339506	   66.00	   66.00	    1.61	    1.19	    0.00	  16.537	  16.353	  21.823	  23.208	   0.000	   0.000	   0.000	   0.000	   0.000	   0.000
      18	 15:34:05	   0.004	  10.000	  235.22	 1002.31	   12.93	  -704.6	 -3649.8	  -566.4	  1476.3	  -765.9	  1932.5	   0.000	   1.221	   549.5	    30.0	  339612	   92.00	   92.00	    9.45	    8.96	    0.00	  16.513	  16.287	  25.807	  26.354	   0.000	   0.000	   0.000	   0.000	   0.000	   0.000
      19	 15:34:38	   0.004	  10.000	  235.05	 1002.41	   12.95	  -365.9	 -3639.8	  -630.3	  1411.8	  -474.5	  1925.0	   0.000	   1.221	   549.1	    30.0	  339484	   84.00	   84.00	    6.72	    6.13	    0.00	  16.668	  16.400	  24.545	  25.414	   0.000	   0.000	   0.000	   0.000	   0.000	   0.000
      20	 15:35:18	   0.004	  10.000	  235.03	 1002.29	   12.98	    29.1	 -3616.0	  -702.9	  1330.8	  -133.6	  1911.9	   0.000	   1.220	   549.1	    30.0	  339405	   74.00	   74.00	    3.79	    3.27	    0.00	  16.683	  16.429	  23.299	  24.193	   0.000	   0.000	   0.000	   0.000	   0.000	   0.000
      21	 15:35:53	   0.004	  10.000	  235.22	 1002.33	   13.00	   299.9	 -3616.0	  -760.5	  1276.4	   111.1	  1914.1	   0.000	   1.220	   549.5	    30.0	  339516	   66.00	   66.00	    1.84	    1.39	    0.00	  16.564	  16.351	  21.635	  22.797	   0.000	   0.000	   0.000	   0.000	   0.000	   0.000
      22	 15:36:45	   4.995	  10.000	  235.15	 1002.39	   12.98	  -450.8	 -3255.1	    60.1	  1875.1	  -724.4	  1669.3	   0.000	   1.220	   549.4	    30.0	  339513	   92.00	   92.00	    9.50	    9.05	    0.00	  16.527	  16.293	  25.824	  26.381	   0.000	   0.000	   0.000	   0.000	   0.000	   0.000
      23	 15:37:14	   4.995	  10.000	  235.51	 1002.45	   12.96	  -107.8	 -3258.5	   -10.8	  1812.3	  -427.6	  1669.3	   0.000	   1.221	   550.2	    30.0	  339810	   84.00	   84.00	    6.80	    6.14	    0.00	  16.659	  16.387	  24.574	  25.409	   0.000	   0.000	   0.000	   0.000	   0.000	   0.000
      24	 15:37:47	   4.995	  10.000	  235.23	 1002.43	   12.96	   275.4	 -3253.4	   -90.2	  1733.2	   -92.3	  1668.2	   0.000	   1.221	   549.5	    30.0	  339602	   73.99	   74.00	    3.88	    3.24	    0.00	  16.687	  16.414	  23.465	  24.231	   0.000	   0.000	   0.000	   0.000	   0.000	   0.000
      25	 15:38:27	   4.995	  10.000	  234.87	 1002.44	   12.96	   539.2	 -3252.8	  -149.9	  1675.5	   149.0	  1670.2	   0.000	   1.221	   548.7	    30.0	  339344	   66.00	   66.00	    1.98	    1.31	    0.00	  16.554	  16.333	  21.864	  22.967	   0.000	   0.000	   0.000	   0.000	   0.000	   0.000
      26	 15:41:20	   0.004	   0.000	  416.42	 1002.52	   13.34	  -154.0	  -276.0	   462.7	   618.3	  -358.9	    97.2	   0.000	   1.219	   975.9	    40.0	  451824	  112.00	  112.00	   11.44	   11.27	    0.00	  18.748	  18.013	  36.358	  36.066	   0.000	   0.000	   0.000	   0.000	   0.000	   0.000
      27	 15:42:09	   0.004	   0.000	  416.02	 1002.51	   13.42	   639.2	  -260.2	   322.1	   462.3	   315.9	    98.1	   0.000	   1.219	   975.0	    40.0	  451440	   98.00	   98.00	    5.54	    5.32	    0.00	  19.306	  18.670	  34.625	  34.695	   0.000	   0.000	   0.000	   0.000	   0.000	   0.000
      28	 15:42:42	   0.004	   0.000	  415.91	 1002.59	   13.46	   905.0	  -231.9	   277.6	   402.6	   543.0	    82.9	   0.000	   1.219	   974.7	    40.0	  451313	   93.00	   93.00	    3.93	    3.72	    0.00	  19.219	  18.700	  33.058	  33.299	   0.000	   0.000	   0.000	   0.000	   0.000	   0.000
      29	 15:43:25	   0.004	   0.000	  416.23	 1002.62	   13.52	  1189.0	  -226.5	   222.0	   342.4	   796.3	    81.4	   0.000	   1.218	   975.5	    40.0	  451374	   87.00	   87.00	    2.12	    1.95	    0.00	  18.837	  18.464	  31.268	  31.081	   0.000	   0.000	   0.000	   0.000	   0.000	   0.000
      30	 15:44:11	   4.995	   0.000	  415.79	 1002.63	   13.52	   232.4	  -141.8	  1470.9	  1531.0	  -456.7	    60.6	   0.000	   1.218	   974.4	    40.0	  451132	  112.00	  112.00	   13.14	   12.49	    0.00	  18.628	  18.220	  31.951	  32.550	   0.000	   0.000	   0.000	   0.000	   0.000	   0.000
      31	 15:45:07	   4.995	   0.000	  416.08	 1002.71	   13.50	  1026.9	  -162.5	  1302.5	  1385.4	   232.3	    57.5	   0.000	   1.219	   975.1	    40.0	  451349	   98.00	   98.00	    6.27	    5.98	    0.00	  18.907	  18.387	  30.886	  31.195	   0.000	   0.000	   0.000	   0.000	   0.000	   0.000
      32	 15:45:51	   4.995	   0.000	  415.94	 1002.74	   13.52	  1270.2	  -143.0	  1262.2	  1321.9	   448.5	    65.5	   0.000	   1.219	   974.8	    40.0	  451245	   93.00	   93.00	    4.57	    4.21	    0.00	  18.765	  18.313	  28.826	  29.780	   0.000	   0.000	   0.000	   0.000	   0.000	   0.000
      33	 15:46:26	   4.995	   0.000	  415.84	 1002.67	   13.53	  1553.8	  -157.6	  1197.5	  1268.0	   699.7	    69.3	   0.000	   1.218	   974.6	    40.0	  451144	   87.00	   87.00	    2.47	    2.18	    0.00	  18.511	  18.141	  27.008	  28.211	   0.000	   0.000	   0.000	   0.000	   0.000	   0.000
      34	 15:47:24	   0.004	   4.995	  416.14	 1002.70	   13.63	  -277.2	 -3347.4	  -318.9	  1457.2	  -484.1	  1865.8	   0.000	   1.218	   975.3	    40.0	  451121	  112.00	  112.00	   13.06	   12.22	    0.00	  18.486	  18.051	  31.929	  32.456	   0.000	   0.000	   0.000	   0.000	   0.000	   0.000
      35	 15:48:06	   0.004	   4.995	  415.95	 1002.85	   13.70	   501.3	 -3341.9	  -468.8	  1308.5	   187.2	  1863.3	   0.000	   1.218	   974.8	    40.0	  450910	   97.99	   98.00	    6.44	    5.82	    0.00	  18.990	  18.392	  30.321	  31.197	   0.000	   0.000	   0.000	   0.000	   0.000	   0.000
      36	 15:48:44	   0.004	   4.995	  415.68	 1002.76	   13.72	   744.2	 -3340.9	  -518.5	  1259.7	   400.6	  1863.5	   0.000	   1.218	   974.2	    40.0	  450697	   93.00	   93.00	    4.78	    4.12	    0.00	  18.999	  18.476	  28.326	  29.545	   0.000	   0.000	   0.000	   0.000	   0.000	   0.000
      37	 15:49:20	   0.004	   4.995	  416.16	 1002.86	   13.74	  1028.2	 -3349.1	  -580.8	  1203.4	   656.6	  1869.0	   0.000	   1.218	   975.3	    40.0	  450941	   87.00	   86.99	    2.74	    2.06	    0.00	  18.773	  18.355	  26.276	  27.738	   0.000	   0.000	   0.000	   0.000	   0.000	   0.000
      38	 15:50:50	   4.995	   4.995	  415.83	 1002.86	   13.72	   122.7	 -2819.1	   782.0	  2260.8	  -553.8	  1524.1	   0.000	   1.218	   974.5	    40.0	  450807	  112.00	  112.00	   13.16	   12.33	    0.00	  19.181	  18.501	  31.992	  32.511	   0.000	   0.000	   0.000	   0.000	   0.000	   0.000
      39	 15:51:34	   4.995	   4.995	  415.79	 1002.87	   13.72	   897.8	 -2834.9	   614.3	  2107.0	   131.3	  1534.8	   0.000	   1.218	   974.4	    40.0	  450785	   98.00	   98.00	    6.55	    5.88	    0.00	  19.620	  18.852	  30.814	  31.238	   0.000	   0.000	   0.000	   0.000	   0.000	   0.000
      40	 15:52:08	   4.995	   4.995	  415.68	 1002.98	   13.72	  1143.3	 -2841.8	   558.3	  2057.1	   352.1	  1539.8	   0.000	   1.218	   974.2	    40.0	  450756	   93.00	   93.00	    4.74	    4.06	    0.00	  19.555	  18.862	  29.348	  29.949	   0.000	   0.000	   0.000	   0.000	   0.000	   0.000
      41	 15:52:50	   4.995	   4.995	  415.79	 1002.97	   13.73	  1421.6	 -2855.9	   492.7	  2001.5	   605.8	  1548.9	   0.000	   1.218	   974.5	    40.0	  450796	   87.00	   87.00	    2.79	    2.03	    0.00	  19.200	  18.636	  27.198	  28.297	   0.000	   0.000	   0.000	   0.000	   0.000	   0.000
      42	 15:53:56	   0.005	  10.000	  415.77	 1003.03	   13.81	  -644.2	 -5907.4	  -992.9	  2404.5	  -868.2	  3091.6	   0.000	   1.218	   974.4	    40.0	  450623	  112.00	  112.00	   13.08	   12.14	    0.00	  19.270	  18.576	  31.933	  32.411	   0.000	   0.000	   0.000	   0.000	   0.000	   0.000
      43	 15:54:37	   0.005	  10.000	  415.63	 1003.00	   13.87	   102.4	 -5897.7	 -1140.4	  2260.7	  -218.8	  3086.3	   0.000	   1.217	   974.1	    40.0	  450435	   98.00	   98.00	    6.79	    5.95	    0.00	  19.657	  18.857	  30.360	  31.276	   0.000	   0.000	   0.000	   0.000	   0.000	   0.000
      44	 15:55:24	   0.005	  10.000	  415.53	 1003.07	   13.90	   348.5	 -5902.1	 -1193.2	  2211.9	     1.7	  3089.9	   0.000	   1.217	   973.8	    40.0	  450329	   93.00	   93.00	    5.20	    4.20	    0.00	  19.505	  18.839	  28.347	  30.004	   0.000	   0.000	   0.000	   0.000	   0.000	   0.000
      45	 15:56:00	   0.005	  10.000	  415.23	 1003.05	   13.91	   608.4	 -5899.2	 -1247.6	  2155.8	   237.6	  3091.6	   0.000	   1.217	   973.1	    40.0	  450149	   87.00	   87.00	    3.23	    2.37	    0.00	  19.204	  18.662	  27.175	  28.238	   0.000	   0.000	   0.000	   0.000	   0.000	   0.000
      46	 15:56:52	   4.995	  10.000	  415.53	 1003.15	   13.89	  -233.8	 -5317.9	   110.0	  3155.9	  -888.2	  2695.1	   0.000	   1.217	   973.8	    40.0	  450364	  112.00	  112.00	   13.24	   12.22	    0.00	  19.110	  18.496	  31.977	  32.420	   0.000	   0.000	   0.000	   0.000	   0.000	   0.000
      47	 15:57:30	   4.995	  10.000	  415.71	 1003.01	   13.86	   509.1	 -5327.3	   -49.2	  3011.8	  -235.5	  2702.1	   0.000	   1.217	   974.3	    40.0	  450497	   98.01	   98.00	    6.95	    5.97	    0.00	  19.415	  18.668	  30.530	  31.064	   0.000	   0.000	   0.000	   0.000	   0.000	   0.000
      48	 15:58:18	   4.995	  10.000	  415.91	 1003.03	   13.86	   753.4	 -5333.2	  -104.2	  2962.8	   -15.5	  2706.7	   0.000	   1.217	   974.7	    40.0	  450610	   93.00	   93.00	    5.37	    4.15	    0.00	  19.309	  18.642	  28.962	  29.846	   0.000	   0.000	   0.000	   0.000	   0.000	   0.000
      49	 15:59:04	   4.995	  10.000	  415.91	 1003.16	   13.88	  1013.1	 -5342.2	  -165.8	  2908.5	   224.0	  2714.4	   0.000	   1.218	   974.7	    40.0	  450595	   87.00	   87.00	    3.51	    2.21	    0.00	  19.009	  18.411	  27.279	  28.084	   0.000	   0.000	   0.000	   0.000	   0.000	   0.000
