  Run_nr	   Alpha	    Beta	      CL	      CD	    Cyaw	 Cm_p_qc	      Ct	      Cn	   Cside	 Cm_roll	Cm_pitch	  Cm_yaw	      Cx	      Cy	      Cz	    Cm_x	    Cm_y	    Cm_z	      Fx	      Fy	      Fz	      Mx	      My	      Mz	     DPb	    Pbar	       T	     Rho	       Q	       V	      Re	       M
       /	 degrees	 degrees	       /	       /	       /	       /	       /	       /	       /	       /	       /	       /	       /	       /	       /	       /	       /	       /	       N	       N	       N	      Nm	      Nm	      Nm	      Pa	      Pa	 degr. C	  kg/m^3	      Pa	     m/s	       /	       /
      50	   0.004	  -5.000	  0.2664	-0.025026	-0.15773	-0.06969	-0.038699	  0.2664	-0.154948	-0.02371	-0.13628	 0.04911	-0.038678	0.154948	0.266358	 0.00150	-0.12998	 0.04911	   -3.78	   19.63	   34.87	    0.27	   -2.39	    8.71	  234.78	 1003.40	   13.32	   1.220	   548.5	   29.98	2.633E+5	   0.088
      51	   0.004	  -5.000	  0.2607	0.002687	-0.15549	-0.04360	-0.010895	  0.2607	-0.155133	-0.02413	-0.10877	 0.04901	-0.010875	0.155133	0.260688	 0.00112	-0.10700	 0.04901	   -0.26	   19.69	   34.20	    0.20	   -1.91	    8.71	  235.14	 1003.47	   13.35	   1.220	   549.3	   30.01	2.635E+5	   0.088
      52	   0.004	  -5.000	  0.2536	0.031742	-0.15260	-0.01031	0.018302	  0.2536	-0.154782	-0.02426	-0.07370	 0.04895	0.018321	0.154782	0.253586	 0.00093	-0.07668	 0.04895	    3.45	   19.65	   33.32	    0.17	   -1.28	    8.70	  235.29	 1003.42	   13.36	   1.220	   549.7	   30.02	2.636E+5	   0.088
      53	   0.004	  -5.000	  0.2469	0.051245	-0.15144	 0.01483	0.037832	  0.2469	-0.155332	-0.02466	-0.04689	 0.04921	0.037851	0.155332	0.246894	 0.00061	-0.05305	 0.04922	    5.92	   19.71	   32.44	    0.11	   -0.78	    8.74	  235.11	 1003.45	   13.36	   1.220	   549.3	   30.01	2.635E+5	   0.088
      54	   4.995	  -5.000	  0.7802	-0.009100	-0.14124	-0.05183	-0.089234	  0.7754	-0.139907	-0.02033	-0.24569	 0.04122	-0.021375	0.139907	0.780237	 0.00612	-0.24221	 0.04315	   -1.76	   17.73	  100.43	    1.09	   -4.84	    7.66	  234.81	 1003.50	   13.34	   1.220	   548.6	   29.99	2.633E+5	   0.088
      55	   4.995	  -5.000	  0.7712	0.018343	-0.13960	-0.02153	-0.061072	  0.7688	-0.140668	-0.02081	-0.21373	 0.04125	0.006106	0.140668	0.771215	 0.00578	-0.21473	 0.04322	    1.72	   17.83	   99.32	    1.03	   -4.26	    7.67	  234.89	 1003.47	   13.32	   1.220	   548.8	   29.99	2.634E+5	   0.088
      56	   4.995	  -5.000	  0.7601	0.047501	-0.13724	 0.01746	-0.030958	  0.7602	-0.140854	-0.02122	-0.17260	 0.04140	0.035359	0.140854	0.760050	 0.00541	-0.17835	 0.04341	    5.43	   17.86	   97.95	    0.96	   -3.51	    7.71	  235.00	 1003.53	   13.28	   1.221	   549.0	   29.99	2.635E+5	   0.088
      57	   4.995	  -5.000	  0.7506	0.067038	-0.13604	 0.04481	-0.010644	  0.7525	-0.141369	-0.02162	-0.14332	 0.04167	0.054925	0.141369	0.750608	 0.00512	-0.15226	 0.04372	    7.91	   17.93	   96.75	    0.91	   -2.96	    7.76	  234.98	 1003.54	   13.28	   1.221	   549.0	   29.99	2.635E+5	   0.088
      58	   0.004	   0.000	  0.2552	-0.033744	-0.02310	-0.04574	-0.033764	  0.2552	-0.023102	-0.01061	-0.10953	 0.01258	-0.033744	0.023102	0.255156	-0.00685	-0.10404	 0.01258	   -3.16	    2.93	   33.53	   -1.22	   -1.85	    2.24	  235.34	 1003.54	   13.32	   1.220	   549.8	   30.02	2.636E+5	   0.088
      59	   0.004	   0.000	  0.2508	-0.004749	-0.02315	-0.02286	-0.004769	  0.2508	-0.023152	-0.01078	-0.08555	 0.01279	-0.004749	0.023152	0.250767	-0.00701	-0.08478	 0.01279	    0.52	    2.94	   32.94	   -1.25	   -1.45	    2.27	  235.10	 1003.54	   13.32	   1.220	   549.2	   30.00	2.635E+5	   0.088
      60	   0.004	   0.000	  0.2440	0.024618	-0.02329	 0.00825	0.024599	  0.2440	-0.023286	-0.01083	-0.05274	 0.01291	0.024618	0.023286	0.243979	-0.00704	-0.05675	 0.01291	    4.24	    2.95	   32.05	   -1.25	   -0.86	    2.29	  234.96	 1003.63	   13.32	   1.220	   548.9	   29.99	2.634E+5	   0.088
      61	   0.004	   0.000	  0.2374	0.044274	-0.02398	 0.03236	0.044256	  0.2374	-0.023978	-0.01100	-0.02699	 0.01313	0.044274	0.023978	0.237422	-0.00710	-0.03419	 0.01313	    6.74	    3.04	   31.27	   -1.26	   -0.39	    2.33	  235.31	 1003.65	   13.32	   1.221	   549.7	   30.01	2.636E+5	   0.088
      62	   4.995	   0.000	  0.7727	-0.016892	-0.02082	-0.04187	-0.084107	  0.7682	-0.020822	-0.00822	-0.23393	 0.00970	-0.016892	0.020822	0.772651	-0.00395	-0.23118	 0.01046	   -1.20	    2.64	   99.58	   -0.70	   -4.61	    1.86	  235.06	 1003.68	   13.32	   1.221	   549.2	   30.00	2.635E+5	   0.088
      63	   4.995	   0.000	  0.7645	0.011419	-0.02297	-0.01357	-0.055196	  0.7626	-0.022972	-0.00854	-0.20423	 0.01003	0.011419	0.022972	0.764524	-0.00389	-0.20608	 0.01081	    2.39	    2.91	   98.40	   -0.69	   -4.08	    1.92	  234.71	 1003.70	   13.28	   1.221	   548.3	   29.97	2.634E+5	   0.088
      64	   4.995	   0.000	  0.7533	0.041375	-0.02263	 0.02370	-0.024376	  0.7540	-0.022628	-0.00867	-0.16481	 0.01025	0.041375	0.022628	0.753288	-0.00405	-0.17154	 0.01105	    6.20	    2.87	   97.14	   -0.72	   -3.36	    1.96	  235.11	 1003.68	   13.28	   1.221	   549.3	   30.00	2.636E+5	   0.088
      65	   4.995	   0.000	  0.7449	0.060977	-0.02343	 0.04866	-0.004118	  0.7474	-0.023435	-0.00892	-0.13819	 0.01063	0.060977	0.023435	0.744905	-0.00414	-0.14811	 0.01145	    8.69	    2.98	   96.17	   -0.74	   -2.88	    2.04	  235.33	 1003.75	   13.26	   1.221	   549.8	   30.01	2.637E+5	   0.088
      66	   0.004	   5.005	  0.2592	-0.030122	 0.10378	-0.05613	-0.039082	  0.2592	0.100758	 0.00111	-0.12092	-0.02396	-0.039062	-0.100758	0.259195	-0.01528	-0.11457	-0.02396	   -3.84	  -12.80	   34.04	   -2.72	   -2.07	   -4.26	  235.31	 1003.81	   13.28	   1.221	   549.7	   30.01	2.637E+5	   0.088
      67	   0.004	   5.005	  0.2533	-0.002587	 0.10094	-0.03095	-0.011404	  0.2533	0.100331	 0.00123	-0.09428	-0.02364	-0.011384	-0.100331	0.253335	-0.01509	-0.09243	-0.02364	   -0.32	  -12.74	   33.28	   -2.68	   -1.61	   -4.20	  235.26	 1003.84	   13.31	   1.221	   549.6	   30.01	2.637E+5	   0.088
      68	   0.004	   5.005	  0.2461	0.026172	 0.09733	 0.00342	0.017562	  0.2461	0.099239	 0.00121	-0.05811	-0.02348	0.017581	-0.099239	0.246136	-0.01494	-0.06097	-0.02348	    3.36	  -12.60	   32.38	   -2.66	   -0.95	   -4.17	  235.34	 1003.84	   13.32	   1.221	   549.8	   30.01	2.637E+5	   0.088
      69	   0.004	   5.005	  0.2390	0.045656	 0.09552	 0.02843	0.037130	  0.2390	0.099138	 0.00123	-0.03132	-0.02345	0.037149	-0.099138	0.239029	-0.01490	-0.03737	-0.02345	    5.83	  -12.57	   31.42	   -2.64	   -0.45	   -4.16	  234.93	 1003.88	   13.32	   1.221	   548.8	   29.99	2.635E+5	   0.088
      70	   4.995	   5.005	  0.7735	-0.013387	 0.09490	-0.04461	-0.088888	  0.7687	0.093375	 0.00298	-0.23679	-0.02079	-0.021616	-0.093375	0.773511	-0.01405	-0.23327	-0.02113	   -1.80	  -11.86	   99.83	   -2.50	   -4.66	   -3.76	  235.41	 1003.93	   13.29	   1.221	   550.0	   30.01	2.638E+5	   0.088
      71	   4.995	   5.005	  0.7645	0.013939	 0.09256	-0.01404	-0.060780	  0.7621	0.093420	 0.00321	-0.20457	-0.02056	0.005811	-0.093420	0.764491	-0.01380	-0.20551	-0.02092	    1.69	  -11.86	   98.59	   -2.45	   -4.08	   -3.72	  235.18	 1004.05	   13.24	   1.221	   549.4	   30.00	2.637E+5	   0.088
      72	   4.995	   5.005	  0.7530	0.042658	 0.08931	 0.02450	-0.030999	  0.7532	0.092688	 0.00315	-0.16380	-0.02043	0.034704	-0.092688	0.753033	-0.01374	-0.16944	-0.02078	    5.35	  -11.76	   97.12	   -2.44	   -3.32	   -3.69	  235.13	 1004.06	   13.24	   1.221	   549.3	   29.99	2.637E+5	   0.088
      73	   4.995	   5.005	  0.7428	0.062278	 0.08725	 0.05175	-0.010454	  0.7447	0.092349	 0.00322	-0.13442	-0.02039	0.054428	-0.092349	0.742753	-0.01361	-0.14327	-0.02074	    7.86	  -11.72	   95.84	   -2.42	   -2.77	   -3.69	  235.18	 1004.05	   13.24	   1.221	   549.4	   30.00	2.637E+5	   0.088
      74	   0.004	  10.000	  0.2911	-0.015892	 0.24019	-0.07888	-0.057382	  0.2911	0.233781	 0.01530	-0.15166	-0.05472	-0.057359	-0.233781	0.291129	-0.02274	-0.14233	-0.05472	   -6.16	  -29.70	   38.11	   -4.04	   -2.65	   -9.73	  235.41	 1004.18	   13.28	   1.221	   550.0	   30.01	2.638E+5	   0.088
      75	   0.004	  10.000	  0.2857	0.008310	 0.23533	-0.05225	-0.032703	  0.2857	0.233198	 0.01557	-0.12366	-0.05445	-0.032681	-0.233198	0.285665	-0.02238	-0.11834	-0.05445	   -3.03	  -29.60	   37.38	   -3.98	   -2.15	   -9.68	  235.20	 1004.12	   13.29	   1.221	   549.5	   30.00	2.637E+5	   0.088
      76	   0.004	  10.000	  0.2775	0.035920	 0.22956	-0.01953	-0.004510	  0.2775	0.232312	 0.01574	-0.08889	-0.05426	-0.004488	-0.232312	0.277468	-0.02206	-0.08816	-0.05427	    0.55	  -29.48	   36.34	   -3.92	   -1.52	   -9.64	  235.18	 1004.11	   13.30	   1.221	   549.4	   30.00	2.637E+5	   0.088
      77	   0.004	  10.000	  0.2702	0.054932	 0.22581	 0.00866	0.014866	  0.2702	0.231914	 0.01591	-0.05889	-0.05432	0.014887	-0.231914	0.270213	-0.02183	-0.06131	-0.05432	    3.01	  -29.42	   35.40	   -3.88	   -0.95	   -9.65	  235.09	 1004.13	   13.32	   1.221	   549.2	   29.99	2.636E+5	   0.088
      78	   4.995	  10.000	  0.7920	-0.000397	 0.21664	-0.04070	-0.106833	  0.7857	0.213275	 0.01557	-0.23713	-0.04487	-0.038009	-0.213275	0.792049	-0.02312	-0.23095	-0.04640	   -3.88	  -27.07	  102.08	   -4.11	   -4.61	   -8.24	  235.16	 1004.19	   13.31	   1.221	   549.4	   30.00	2.636E+5	   0.088
      79	   4.995	  10.000	  0.7845	0.023852	 0.21232	-0.01324	-0.081640	  0.7804	0.213239	 0.01596	-0.20833	-0.04476	-0.013379	-0.213239	0.784500	-0.02272	-0.20615	-0.04633	   -0.75	  -27.05	  101.08	   -4.03	   -4.09	   -8.23	  235.06	 1004.12	   13.28	   1.221	   549.1	   29.99	2.636E+5	   0.088
      80	   4.995	  10.000	  0.7742	0.051461	 0.20751	 0.01903	-0.052825	  0.7725	0.213293	 0.01624	-0.17411	-0.04485	0.014646	-0.213293	0.774214	-0.02246	-0.17649	-0.04644	    2.81	  -27.09	   99.90	   -3.99	   -3.47	   -8.26	  235.36	 1004.28	   13.26	   1.222	   549.8	   30.00	2.638E+5	   0.088
      81	   4.995	  10.000	  0.7647	0.070374	 0.20403	 0.04655	-0.032840	  0.7647	0.213153	 0.01662	-0.14464	-0.04496	0.033875	-0.213153	0.764702	-0.02207	-0.15015	-0.04658	    5.25	  -27.07	   98.67	   -3.92	   -2.92	   -8.28	  235.30	 1004.29	   13.25	   1.222	   549.7	   30.00	2.638E+5	   0.088
      82	   0.004	  -4.995	  0.2609	-0.004038	-0.15421	-0.05126	-0.017470	  0.2609	-0.153274	-0.02366	-0.11649	 0.04841	-0.017449	0.153274	0.260914	 0.00128	-0.11365	 0.04841	   -1.94	   34.59	   60.88	    0.40	   -3.65	   15.30	  416.89	 1004.40	   13.57	   1.220	   977.0	   40.02	3.512E+5	   0.118
      83	   0.004	  -4.995	  0.2530	0.027729	-0.15170	-0.01653	0.014395	  0.2530	-0.153542	-0.02404	-0.07980	 0.04845	0.014415	0.153542	0.253043	 0.00094	-0.08214	 0.04845	    5.25	   34.64	   59.08	    0.30	   -2.47	   15.30	  416.71	 1004.41	   13.69	   1.220	   976.6	   40.02	3.509E+5	   0.118
      84	   0.004	  -4.995	  0.2499	0.037593	-0.15104	-0.00455	0.024280	  0.2499	-0.153742	-0.02422	-0.06703	 0.04854	0.024300	0.153742	0.249934	 0.00080	-0.07099	 0.04854	    7.47	   34.67	   58.35	    0.25	   -2.06	   15.32	  416.51	 1004.48	   13.72	   1.220	   976.1	   40.01	3.508E+5	   0.118
      85	   0.004	  -4.995	  0.2461	0.049018	-0.15052	 0.01135	0.035707	  0.2461	-0.154214	-0.02451	-0.05017	 0.04868	0.035726	0.154214	0.246092	 0.00058	-0.05598	 0.04868	   10.04	   34.73	   57.42	    0.18	   -1.50	   15.35	  416.05	 1004.50	   13.76	   1.220	   975.1	   39.99	3.506E+5	   0.118
      86	   4.995	  -4.995	  0.7721	0.011164	-0.13843	-0.05096	-0.068161	  0.7691	-0.138880	-0.02093	-0.24324	 0.04052	-0.000932	0.138880	0.772121	 0.00530	-0.24308	 0.04250	    1.47	   31.27	  176.61	    1.67	   -8.63	   13.40	  415.87	 1004.54	   13.76	   1.220	   974.6	   39.98	3.505E+5	   0.118
      87	   4.995	  -4.995	  0.7592	0.043065	-0.13649	-0.01048	-0.035211	  0.7590	-0.139718	-0.02146	-0.20025	 0.04077	0.031017	0.139718	0.759232	 0.00493	-0.20529	 0.04280	    8.67	   31.49	  173.90	    1.56	   -7.23	   13.51	  416.32	 1004.58	   13.74	   1.220	   975.7	   40.00	3.507E+5	   0.118
      88	   4.995	  -4.995	  0.7547	0.053070	-0.13597	 0.00378	-0.024843	  0.7554	-0.140074	-0.02166	-0.18507	 0.04088	0.041030	0.140074	0.754716	 0.00480	-0.19175	 0.04293	   10.93	   31.56	  172.85	    1.51	   -6.73	   13.54	  416.24	 1004.53	   13.74	   1.220	   975.5	   39.99	3.507E+5	   0.118
      89	   4.995	  -4.995	  0.7493	0.064556	-0.13550	 0.02107	-0.012929	  0.7510	-0.140604	-0.02194	-0.16667	 0.04106	0.052513	0.140604	0.749256	 0.00463	-0.17522	 0.04313	   13.52	   31.69	  171.66	    1.46	   -6.11	   13.61	  416.33	 1004.58	   13.76	   1.220	   975.7	   40.00	3.507E+5	   0.118
      90	   0.005	   0.000	  0.2502	-0.013425	-0.02142	-0.02904	-0.013444	  0.2502	-0.021425	-0.01000	-0.09159	 0.01284	-0.013425	0.021425	0.250181	-0.00651	-0.08940	 0.01284	   -1.03	    4.83	   58.37	   -2.05	   -2.74	    4.05	  416.32	 1004.68	   13.90	   1.219	   975.7	   40.01	3.505E+5	   0.118
      91	   0.005	   0.000	  0.2432	0.019015	-0.02240	 0.00343	0.018996	  0.2432	-0.022397	-0.01022	-0.05735	 0.01301	0.019015	0.022397	0.243155	-0.00657	-0.06045	 0.01301	    6.27	    5.05	   56.76	   -2.07	   -1.66	    4.10	  416.09	 1004.72	   13.96	   1.219	   975.1	   40.00	3.503E+5	   0.118
      92	   0.005	   0.000	  0.2399	0.029363	-0.02336	 0.01506	0.029344	  0.2399	-0.023355	-0.01036	-0.04492	 0.01318	0.029363	0.023355	0.239910	-0.00656	-0.04970	 0.01319	    8.61	    5.26	   56.03	   -2.07	   -1.26	    4.16	  416.08	 1004.73	   13.98	   1.219	   975.1	   40.00	3.503E+5	   0.118
      93	   0.005	   0.000	  0.2359	0.041447	-0.02491	 0.02938	0.041428	  0.2359	-0.024908	-0.01051	-0.02959	 0.01345	0.041447	0.024908	0.235874	-0.00646	-0.03633	 0.01346	   11.33	    5.61	   55.11	   -2.04	   -0.77	    4.24	  416.02	 1004.75	   14.02	   1.219	   975.0	   40.00	3.502E+5	   0.118
      94	   4.995	   0.000	  0.7645	0.003625	-0.02168	-0.04179	-0.062955	  0.7619	-0.021684	-0.00855	-0.23226	 0.01081	0.003625	0.021684	0.764458	-0.00404	-0.23285	 0.01160	    2.50	    4.88	  174.99	   -1.27	   -8.25	    3.66	  416.12	 1004.82	   13.97	   1.219	   975.2	   40.00	3.503E+5	   0.118
      95	   4.995	   0.000	  0.7540	0.036177	-0.02173	-0.00429	-0.029616	  0.7543	-0.021728	-0.00885	-0.19286	 0.01137	0.036177	0.021728	0.754000	-0.00429	-0.19875	 0.01219	    9.83	    4.89	  172.55	   -1.35	   -6.98	    3.84	  415.91	 1004.87	   13.92	   1.219	   974.7	   39.98	3.503E+5	   0.118
      96	   4.995	   0.000	  0.7486	0.045999	-0.02529	 0.00866	-0.019362	  0.7498	-0.025291	-0.00908	-0.17879	 0.01128	0.045999	0.025291	0.748618	-0.00394	-0.18627	 0.01211	   12.04	    5.70	  171.39	   -1.24	   -6.52	    3.82	  416.03	 1004.92	   13.92	   1.219	   975.0	   39.99	3.504E+5	   0.118
      97	   4.995	   0.000	  0.7436	0.057581	-0.02422	 0.02447	-0.007385	  0.7458	-0.024217	-0.00910	-0.16197	 0.01153	0.057581	0.024217	0.743573	-0.00411	-0.17134	 0.01237	   14.66	    5.46	  170.35	   -1.30	   -5.97	    3.90	  416.27	 1004.86	   13.95	   1.219	   975.6	   40.00	3.504E+5	   0.118
      98	   0.005	   5.005	  0.2519	-0.009317	 0.09856	-0.03643	-0.017900	  0.2519	0.097371	 0.00175	-0.09941	-0.02271	-0.017880	-0.097371	0.251905	-0.01410	-0.09650	-0.02271	   -2.04	  -21.92	   58.70	   -4.44	   -3.00	   -7.16	  415.86	 1004.93	   14.05	   1.219	   974.6	   39.99	3.501E+5	   0.118
      99	   0.005	   5.005	  0.2436	0.022392	 0.09524	-0.00189	0.013978	  0.2436	0.096826	 0.00180	-0.06280	-0.02253	0.013998	-0.096826	0.243649	-0.01396	-0.06508	-0.02253	    5.14	  -21.80	   56.85	   -4.40	   -1.83	   -7.10	  415.90	 1004.94	   14.10	   1.219	   974.7	   39.99	3.501E+5	   0.118
     100	   0.005	   5.005	  0.2402	0.032369	 0.09427	 0.00986	0.024002	  0.2402	0.096733	 0.00184	-0.05018	-0.02255	0.024021	-0.096733	0.240154	-0.01390	-0.05409	-0.02256	    7.40	  -21.78	   56.06	   -4.38	   -1.43	   -7.11	  415.90	 1005.01	   14.14	   1.219	   974.7	   40.00	3.500E+5	   0.118
     101	   0.005	   5.005	  0.2361	0.043792	 0.09327	 0.02605	0.035469	  0.2361	0.096734	 0.00191	-0.03297	-0.02256	0.035488	-0.096734	0.236110	-0.01383	-0.03875	-0.02256	    9.98	  -21.78	   55.14	   -4.36	   -0.86	   -7.11	  415.80	 1005.00	   14.16	   1.219	   974.5	   39.99	3.499E+5	   0.118
     102	   4.995	   5.005	  0.7637	0.006918	 0.08887	-0.04115	-0.067359	  0.7607	0.089132	 0.00274	-0.23134	-0.01934	-0.000861	-0.089132	0.763722	-0.01347	-0.23120	-0.01966	    1.49	  -20.08	  174.80	   -4.25	   -8.19	   -6.20	  416.05	 1005.11	   14.13	   1.219	   975.1	   40.00	3.501E+5	   0.118
     103	   4.995	   5.005	  0.7511	0.038457	 0.08584	-0.00058	-0.034701	  0.7510	0.088867	 0.00291	-0.18832	-0.01922	0.030822	-0.088867	0.751140	-0.01324	-0.19334	-0.01955	    8.62	  -20.01	  171.91	   -4.17	   -6.78	   -6.16	  415.92	 1005.09	   14.06	   1.219	   974.8	   39.99	3.502E+5	   0.118
     104	   4.995	   5.005	  0.7464	0.048544	 0.08494	 0.01277	-0.024202	  0.7471	0.088856	 0.00294	-0.17402	-0.01923	0.040948	-0.088856	0.746416	-0.01322	-0.18068	-0.01956	   10.91	  -20.02	  170.95	   -4.17	   -6.31	   -6.17	  416.17	 1005.15	   14.06	   1.219	   975.3	   40.00	3.503E+5	   0.118
     105	   4.995	   5.005	  0.7410	0.059869	 0.08403	 0.02987	-0.012412	  0.7428	0.088929	 0.00311	-0.15581	-0.01925	0.052311	-0.088929	0.741011	-0.01306	-0.16433	-0.01960	   13.47	  -20.03	  169.70	   -4.12	   -5.71	   -6.18	  416.10	 1005.13	   14.09	   1.219	   975.2	   40.00	3.502E+5	   0.118
     106	   0.005	  10.000	  0.2846	0.004796	 0.21504	-0.06685	-0.032641	  0.2846	0.212606	 0.01739	-0.13799	-0.04831	-0.032618	-0.212606	0.284581	-0.01721	-0.13268	-0.04831	   -5.36	  -47.89	   66.09	   -5.43	   -4.35	  -15.23	  416.05	 1005.22	   14.19	   1.219	   975.1	   40.00	3.500E+5	   0.118
     107	   0.005	  10.000	  0.2758	0.034767	 0.20917	-0.03183	-0.002105	  0.2758	0.212028	 0.01767	-0.10078	-0.04815	-0.002083	-0.212028	0.275769	-0.01683	-0.10044	-0.04815	    1.52	  -47.73	   64.06	   -5.30	   -3.15	  -15.17	  415.80	 1005.21	   14.24	   1.218	   974.5	   39.99	3.499E+5	   0.118
     108	   0.005	  10.000	  0.2722	0.044619	 0.20738	-0.01758	0.007908	  0.2722	0.211981	 0.01786	-0.08563	-0.04819	0.007930	-0.211981	0.272218	-0.01664	-0.08692	-0.04819	    3.77	  -47.71	   63.25	   -5.24	   -2.64	  -15.18	  415.74	 1005.25	   14.28	   1.218	   974.3	   39.99	3.498E+5	   0.118
     109	   0.005	  10.000	  0.2682	0.055230	 0.20543	-0.00228	0.018697	  0.2682	0.211901	 0.01795	-0.06932	-0.04828	0.018719	-0.211901	0.268163	-0.01653	-0.07237	-0.04828	    6.20	  -47.70	   62.36	   -5.21	   -2.10	  -15.22	  415.84	 1005.24	   14.30	   1.218	   974.6	   40.00	3.498E+5	   0.118
     110	   4.995	  10.000	  0.7866	0.019423	 0.19704	-0.05320	-0.083528	  0.7823	0.197423	 0.01739	-0.24879	-0.04014	-0.015089	-0.197423	0.786644	-0.01832	-0.24633	-0.04181	   -1.71	  -44.41	  179.74	   -5.77	   -8.74	  -13.17	  415.55	 1005.29	   14.29	   1.218	   973.9	   39.98	3.497E+5	   0.118
     111	   4.995	  10.000	  0.7751	0.049387	 0.19204	-0.01745	-0.052263	  0.7735	0.197699	 0.01802	-0.21083	-0.04032	0.015289	-0.197699	0.775121	-0.01775	-0.21332	-0.04205	    5.13	  -44.53	  177.37	   -5.60	   -7.53	  -13.26	  416.06	 1005.35	   14.21	   1.219	   975.1	   40.00	3.500E+5	   0.118
     112	   4.995	  10.000	  0.7705	0.059090	 0.19049	-0.00338	-0.042072	  0.7698	0.197853	 0.01828	-0.19582	-0.04040	0.025115	-0.197853	0.770501	-0.01753	-0.19990	-0.04215	    7.34	  -44.57	  176.35	   -5.53	   -7.03	  -13.29	  416.11	 1005.37	   14.21	   1.219	   975.2	   40.00	3.501E+5	   0.118
     113	   4.995	  10.000	  0.7651	0.069672	 0.18853	 0.01270	-0.030881	  0.7653	0.197763	 0.01849	-0.17863	-0.04044	0.035876	-0.197763	0.765100	-0.01731	-0.18447	-0.04221	    9.77	  -44.57	  175.22	   -5.46	   -6.46	  -13.32	  416.31	 1005.38	   14.21	   1.219	   975.7	   40.01	3.501E+5	   0.118
