  Run_nr	   Alpha	    Beta	      CL	      CD	    Cyaw	 Cm_p_qc	      Ct	      Cn	   Cside	 Cm_roll	Cm_pitch	  Cm_yaw	      Cx	      Cy	      Cz	    Cm_x	    Cm_y	    Cm_z	      Fx	      Fy	      Fz	      Mx	      My	      Mz	     DPb	    Pbar	       T	     Rho	       Q	       V	      Re	       M
       /	 degrees	 degrees	       /	       /	       /	       /	       /	       /	       /	       /	       /	       /	       /	       /	       /	       /	       /	       /	       N	       N	       N	      Nm	      Nm	      Nm	      Pa	      Pa	 degr. C	  kg/m^3	      Pa	     m/s	       /	       /
       1	   0.004	   0.000	  0.2587	-0.035541	 0.01198	-0.06048	-0.035561	  0.2587	0.011976	-0.00129	-0.12515	-0.00206	-0.035541	-0.011976	0.258686	-0.00324	-0.11937	-0.00206	   -3.39	   -1.52	   33.94	   -0.57	   -2.17	   -0.37	  235.13	 1001.72	   12.71	   1.221	   549.3	   30.00	2.640E+5	   0.089
       2	   0.004	   0.000	  0.2538	-0.007040	 0.01167	-0.03819	-0.007060	  0.2538	0.011668	-0.00137	-0.10165	-0.00201	-0.007040	-0.011668	0.253829	-0.00327	-0.10051	-0.00201	    0.23	   -1.47	   33.19	   -0.58	   -1.77	   -0.36	  234.15	 1001.70	   12.75	   1.221	   547.0	   29.94	2.634E+5	   0.088
       3	   0.004	   0.000	  0.2542	-0.006536	 0.01187	-0.03728	-0.006555	  0.2542	0.011874	-0.00137	-0.10083	-0.00197	-0.006536	-0.011874	0.254210	-0.00330	-0.09977	-0.00197	    0.29	   -1.51	   33.37	   -0.59	   -1.76	   -0.35	  235.12	 1001.75	   12.81	   1.220	   549.3	   30.00	2.639E+5	   0.089
       4	   0.004	   0.000	  0.2473	0.022951	 0.01209	-0.00537	0.022932	  0.2473	0.012095	-0.00142	-0.06721	-0.00203	0.022951	-0.012095	0.247336	-0.00338	-0.07094	-0.00203	    4.04	   -1.54	   32.52	   -0.60	   -1.16	   -0.36	  235.24	 1001.86	   12.82	   1.220	   549.6	   30.01	2.640E+5	   0.089
       5	   0.004	   0.000	  0.2402	0.042310	 0.01051	 0.01873	0.042291	  0.2402	0.010510	-0.00150	-0.04133	-0.00204	0.042310	-0.010510	0.240239	-0.00321	-0.04821	-0.00204	    6.49	   -1.33	   31.60	   -0.57	   -0.68	   -0.36	  235.11	 1001.86	   12.84	   1.220	   549.3	   30.00	2.639E+5	   0.088
       6	   4.995	   0.000	  0.7706	-0.018362	 0.00745	-0.04295	-0.085396	  0.7661	0.007451	-0.00052	-0.23447	-0.00185	-0.018362	-0.007451	0.770621	-0.00190	-0.23149	-0.00181	   -1.38	   -0.95	   99.31	   -0.34	   -4.62	   -0.32	  235.04	 1001.93	   12.86	   1.220	   549.1	   30.00	2.638E+5	   0.088
       7	   4.995	   0.000	  0.7639	0.010049	 0.00574	-0.01525	-0.056504	  0.7618	0.005741	-0.00068	-0.20570	-0.00178	0.010049	-0.005741	0.763851	-0.00177	-0.20734	-0.00173	    2.22	   -0.73	   98.52	   -0.31	   -4.12	   -0.31	  235.21	 1001.95	   12.84	   1.220	   549.5	   30.01	2.639E+5	   0.089
       8	   4.995	   0.000	  0.7531	0.039768	 0.00754	 0.02105	-0.025964	  0.7537	0.007541	-0.00070	-0.16738	-0.00196	0.039768	-0.007541	0.753134	-0.00210	-0.17385	-0.00191	    5.99	   -0.96	   97.12	   -0.37	   -3.41	   -0.34	  235.11	 1001.91	   12.83	   1.220	   549.3	   30.00	2.639E+5	   0.088
       9	   4.995	   0.000	  0.7444	0.059344	 0.00781	 0.04436	-0.005706	  0.7468	0.007805	-0.00071	-0.14234	-0.00195	0.059344	-0.007805	0.744447	-0.00215	-0.15200	-0.00190	    8.48	   -0.99	   96.00	   -0.38	   -2.95	   -0.34	  235.07	 1001.99	   12.84	   1.221	   549.2	   30.00	2.639E+5	   0.088
      10	   0.004	   5.000	  0.2636	-0.029622	 0.14105	-0.07276	-0.041823	  0.2636	0.137931	 0.01078	-0.13865	-0.03954	-0.041803	-0.137931	0.263562	-0.01166	-0.13185	-0.03954	   -4.18	  -17.49	   34.55	   -2.07	   -2.43	   -7.02	  235.01	 1002.00	   12.90	   1.220	   549.0	   30.00	2.638E+5	   0.088
      11	   0.004	   5.000	  0.2587	-0.001982	 0.13840	-0.04656	-0.014056	  0.2587	0.137696	 0.01097	-0.11123	-0.03931	-0.014036	-0.137696	0.258654	-0.01144	-0.10894	-0.03931	   -0.66	  -17.48	   33.95	   -2.03	   -1.95	   -6.99	  235.19	 1002.11	   12.91	   1.220	   549.5	   30.01	2.639E+5	   0.089
      12	   0.004	   5.000	  0.2504	0.026741	 0.13513	-0.01427	0.014843	  0.2504	0.136950	 0.01101	-0.07687	-0.03924	0.014862	-0.136950	0.250375	-0.01128	-0.07929	-0.03924	    3.01	  -17.36	   32.87	   -2.00	   -1.33	   -6.97	  234.96	 1002.01	   12.93	   1.220	   548.9	   30.00	2.637E+5	   0.088
      13	   0.004	   5.000	  0.2431	0.046467	 0.13357	 0.01151	0.034630	  0.2431	0.137115	 0.01110	-0.04926	-0.03935	0.034648	-0.137115	0.243080	-0.01121	-0.05489	-0.03935	    5.51	  -17.38	   31.94	   -1.99	   -0.82	   -6.99	  234.94	 1002.05	   12.94	   1.220	   548.9	   29.99	2.637E+5	   0.088
      14	   4.995	   5.000	  0.7746	-0.013078	 0.12055	-0.05291	-0.090897	  0.7696	0.118953	 0.01009	-0.24532	-0.03128	-0.023535	-0.118953	0.774622	-0.01205	-0.24149	-0.03228	   -2.04	  -15.09	   99.85	   -2.14	   -4.83	   -5.73	  235.10	 1002.16	   12.93	   1.220	   549.2	   30.00	2.638E+5	   0.088
      15	   4.995	   5.000	  0.7661	0.014496	 0.11879	-0.02261	-0.062641	  0.7636	0.119597	 0.01035	-0.21350	-0.03130	0.004088	-0.119597	0.766138	-0.01189	-0.21417	-0.03233	    1.47	  -15.18	   98.79	   -2.11	   -4.26	   -5.74	  235.15	 1002.20	   12.90	   1.221	   549.4	   30.00	2.639E+5	   0.088
      16	   4.995	   5.000	  0.7538	0.043126	 0.11604	 0.01548	-0.032912	  0.7538	0.119360	 0.01060	-0.17296	-0.03136	0.032849	-0.119360	0.753766	-0.01161	-0.17830	-0.03241	    5.12	  -15.15	   97.22	   -2.06	   -3.51	   -5.76	  235.14	 1002.24	   12.90	   1.221	   549.3	   30.00	2.639E+5	   0.088
      17	   4.995	   5.000	  0.7444	0.062790	 0.11467	 0.04319	-0.012460	  0.7461	0.119702	 0.01081	-0.14334	-0.03158	0.052557	-0.119702	0.744367	-0.01148	-0.15189	-0.03265	    7.61	  -15.18	   95.97	   -2.04	   -2.95	   -5.80	  235.01	 1002.25	   12.90	   1.221	   549.0	   29.99	2.638E+5	   0.088
      18	   0.004	  10.000	  0.2957	-0.012351	 0.27779	-0.09833	-0.060423	  0.2957	0.271426	 0.02566	-0.17226	-0.07073	-0.060401	-0.271426	0.295726	-0.01851	-0.16243	-0.07073	   -6.55	  -34.45	   38.66	   -3.29	   -3.07	  -12.57	  235.22	 1002.31	   12.93	   1.221	   549.5	   30.01	2.639E+5	   0.088
      19	   0.004	  10.000	  0.2903	0.011741	 0.27319	-0.07213	-0.035899	  0.2903	0.271082	 0.02588	-0.14471	-0.07051	-0.035877	-0.271082	0.290324	-0.01823	-0.13888	-0.07051	   -3.43	  -34.39	   37.95	   -3.24	   -2.58	  -12.52	  235.05	 1002.41	   12.95	   1.221	   549.1	   30.00	2.638E+5	   0.088
      20	   0.004	  10.000	  0.2822	0.039660	 0.26653	-0.04127	-0.007246	  0.2822	0.269365	 0.02609	-0.11182	-0.07005	-0.007225	-0.269365	0.282193	-0.01774	-0.11064	-0.07005	    0.20	  -34.16	   36.91	   -3.15	   -1.99	  -12.44	  235.03	 1002.29	   12.98	   1.220	   549.1	   30.00	2.637E+5	   0.088
      21	   0.004	  10.000	  0.2752	0.058914	 0.26269	-0.01361	0.012381	  0.2752	0.268933	 0.02645	-0.08241	-0.07007	0.012402	-0.268933	0.275199	-0.01731	-0.08443	-0.07008	    2.70	  -34.14	   36.05	   -3.08	   -1.44	  -12.45	  235.22	 1002.33	   13.00	   1.220	   549.5	   30.01	2.638E+5	   0.088
      22	   4.995	  10.000	  0.7963	0.002889	 0.25076	-0.05810	-0.109881	  0.7897	0.247452	 0.02445	-0.25553	-0.05872	-0.040699	-0.247452	0.796273	-0.02106	-0.24890	-0.06108	   -4.22	  -31.40	  102.61	   -3.74	   -4.98	  -10.85	  235.15	 1002.39	   12.98	   1.220	   549.4	   30.00	2.638E+5	   0.088
      23	   4.995	  10.000	  0.7879	0.027394	 0.24648	-0.03027	-0.084374	  0.7836	0.247492	 0.02486	-0.22616	-0.05860	-0.015823	-0.247492	0.787936	-0.02065	-0.22359	-0.06100	   -1.06	  -31.46	  101.71	   -3.67	   -4.46	  -10.85	  235.51	 1002.45	   12.96	   1.221	   550.2	   30.03	2.640E+5	   0.089
      24	   4.995	  10.000	  0.7772	0.054694	 0.24141	 0.00215	-0.055780	  0.7753	0.247241	 0.02517	-0.19168	-0.05861	0.011943	-0.247241	0.777215	-0.02030	-0.19362	-0.06104	    2.46	  -31.39	  100.23	   -3.61	   -3.83	  -10.85	  235.23	 1002.43	   12.96	   1.221	   549.5	   30.01	2.639E+5	   0.088
      25	   4.995	  10.000	  0.7684	0.073600	 0.23819	 0.03053	-0.035910	  0.7682	0.247350	 0.02552	-0.16152	-0.05875	0.031121	-0.247350	0.768429	-0.01998	-0.16658	-0.06121	    4.89	  -31.35	   98.96	   -3.54	   -3.26	  -10.86	  234.87	 1002.44	   12.96	   1.221	   548.7	   29.98	2.637E+5	   0.088
      26	   0.004	   0.000	  0.2529	-0.015063	 0.01410	-0.04030	-0.015082	  0.2529	0.014099	-0.00061	-0.10352	-0.00209	-0.015063	-0.014099	0.252863	-0.00291	-0.10107	-0.00209	   -1.40	   -3.18	   58.99	   -0.92	   -3.18	   -0.66	  416.42	 1002.52	   13.34	   1.219	   975.9	   40.01	3.511E+5	   0.118
      27	   0.004	   0.000	  0.2460	0.017334	 0.01293	-0.00816	0.017315	  0.2460	0.012932	-0.00078	-0.06966	-0.00211	0.017334	-0.012932	0.245988	-0.00289	-0.07248	-0.00211	    5.89	   -2.91	   57.39	   -0.91	   -2.11	   -0.67	  416.02	 1002.51	   13.42	   1.219	   975.0	   40.00	3.508E+5	   0.118
      28	   0.004	   0.000	  0.2425	0.028200	 0.01176	 0.00267	0.028181	  0.2425	0.011757	-0.00089	-0.05795	-0.00180	0.028200	-0.011757	0.242470	-0.00280	-0.06254	-0.00180	    8.34	   -2.65	   56.58	   -0.88	   -1.74	   -0.57	  415.91	 1002.59	   13.46	   1.219	   974.7	   40.00	3.507E+5	   0.118
      29	   0.004	   0.000	  0.2384	0.039768	 0.01144	 0.01793	0.039749	  0.2384	0.011441	-0.00097	-0.04167	-0.00177	0.039768	-0.011441	0.238399	-0.00283	-0.04814	-0.00177	   10.95	   -2.58	   55.71	   -0.89	   -1.21	   -0.56	  416.23	 1002.62	   13.52	   1.218	   975.5	   40.02	3.507E+5	   0.118
      30	   4.995	   0.000	  0.7629	0.002043	 0.00663	-0.04038	-0.064397	  0.7602	0.006631	-0.00088	-0.23042	-0.00139	0.002043	-0.006631	0.762910	-0.00207	-0.23076	-0.00132	    2.14	   -1.49	  174.50	   -0.65	   -8.17	   -0.42	  415.79	 1002.63	   13.52	   1.218	   974.4	   39.99	3.505E+5	   0.118
      31	   4.995	   0.000	  0.7521	0.034486	 0.00825	-0.00364	-0.031133	  0.7522	0.008247	-0.00073	-0.19169	-0.00133	0.034486	-0.008247	0.752076	-0.00219	-0.19730	-0.00127	    9.45	   -1.86	  172.18	   -0.69	   -6.93	   -0.40	  416.08	 1002.71	   13.50	   1.219	   975.1	   40.00	3.507E+5	   0.118
      32	   4.995	   0.000	  0.7476	0.044440	 0.00643	 0.00904	-0.020831	  0.7487	0.006431	-0.00086	-0.17813	-0.00150	0.044440	-0.006431	0.747645	-0.00204	-0.18536	-0.00143	   11.69	   -1.45	  171.13	   -0.64	   -6.48	   -0.45	  415.94	 1002.74	   13.52	   1.219	   974.8	   40.00	3.506E+5	   0.118
      33	   4.995	   0.000	  0.7429	0.056041	 0.00725	 0.02368	-0.008863	  0.7450	0.007252	-0.00081	-0.16257	-0.00158	0.056041	-0.007252	0.742927	-0.00213	-0.17168	-0.00151	   14.30	   -1.63	  170.03	   -0.67	   -5.97	   -0.48	  415.84	 1002.67	   13.53	   1.218	   974.6	   40.00	3.505E+5	   0.118
      34	   0.004	   4.995	  0.2557	-0.008447	 0.13613	-0.05126	-0.020288	  0.2557	0.134881	 0.01146	-0.11519	-0.03853	-0.020268	-0.134881	0.255733	-0.01049	-0.11189	-0.03853	   -2.57	  -30.39	   59.60	   -3.31	   -3.58	  -12.15	  416.14	 1002.70	   13.63	   1.218	   975.3	   40.02	3.505E+5	   0.118
      35	   0.004	   4.995	  0.2478	0.023215	 0.13315	-0.01692	0.011514	  0.2478	0.134667	 0.01162	-0.07887	-0.03851	0.011533	-0.134667	0.247795	-0.01029	-0.08075	-0.03851	    4.59	  -30.33	   57.79	   -3.24	   -2.42	  -12.14	  415.95	 1002.85	   13.70	   1.218	   974.8	   40.01	3.503E+5	   0.118
      36	   0.004	   4.995	  0.2444	0.033120	 0.13229	-0.00509	0.021457	  0.2444	0.134674	 0.01170	-0.06620	-0.03854	0.021476	-0.134674	0.244419	-0.01021	-0.06969	-0.03854	    6.82	  -30.31	   56.99	   -3.22	   -2.00	  -12.14	  415.68	 1002.76	   13.72	   1.218	   974.2	   40.00	3.502E+5	   0.118
      37	   0.004	   4.995	  0.2398	0.044649	 0.13140	 0.01094	0.033020	  0.2398	0.134789	 0.01182	-0.04901	-0.03861	0.033039	-0.134789	0.239794	-0.01011	-0.05438	-0.03861	    9.43	  -30.37	   56.01	   -3.19	   -1.44	  -12.18	  416.16	 1002.86	   13.74	   1.218	   975.3	   40.02	3.504E+5	   0.118
      38	   4.995	   4.995	  0.7641	0.007517	 0.11605	-0.04538	-0.069140	  0.7610	0.116263	 0.01007	-0.23562	-0.03049	-0.002616	-0.116263	0.764086	-0.01156	-0.23520	-0.03148	    1.09	  -26.17	  174.79	   -3.64	   -8.33	   -9.92	  415.83	 1002.86	   13.72	   1.218	   974.5	   40.01	3.503E+5	   0.118
      39	   4.995	   4.995	  0.7514	0.039125	 0.11382	-0.00587	-0.036472	  0.7511	0.116794	 0.01044	-0.19363	-0.03069	0.029066	-0.116794	0.751376	-0.01130	-0.19836	-0.03172	    8.22	  -26.29	  171.91	   -3.56	   -6.96	   -9.99	  415.79	 1002.87	   13.72	   1.218	   974.4	   40.00	3.502E+5	   0.118
      40	   4.995	   4.995	  0.7468	0.049151	 0.11319	 0.00782	-0.026069	  0.7474	0.117038	 0.01061	-0.17902	-0.03078	0.039109	-0.117038	0.746807	-0.01117	-0.18539	-0.03183	   10.48	  -26.34	  170.84	   -3.52	   -6.48	  -10.03	  415.68	 1002.98	   13.72	   1.218	   974.2	   40.00	3.502E+5	   0.118
      41	   4.995	   4.995	  0.7413	0.060513	 0.11266	 0.02452	-0.014267	  0.7429	0.117498	 0.01082	-0.16120	-0.03095	0.050474	-0.117498	0.741293	-0.01105	-0.16941	-0.03201	   13.04	  -26.45	  169.64	   -3.48	   -5.89	  -10.09	  415.79	 1002.97	   13.73	   1.218	   974.5	   40.00	3.503E+5	   0.118
      42	   0.005	  10.000	  0.2889	0.008436	 0.25194	-0.08339	-0.035464	  0.2889	0.249578	 0.02725	-0.15562	-0.06399	-0.035441	-0.249578	0.288910	-0.01336	-0.14985	-0.06400	   -5.99	  -56.18	   67.02	   -4.21	   -4.98	  -20.17	  415.77	 1003.03	   13.81	   1.218	   974.4	   40.01	3.501E+5	   0.118
      43	   0.005	  10.000	  0.2805	0.038436	 0.24632	-0.04880	-0.004943	  0.2805	0.249253	 0.02764	-0.11894	-0.06391	-0.004921	-0.249253	0.280548	-0.01292	-0.11814	-0.06392	    0.88	  -56.08	   65.11	   -4.07	   -3.80	  -20.13	  415.63	 1003.00	   13.87	   1.217	   974.1	   40.00	3.500E+5	   0.118
      44	   0.005	  10.000	  0.2770	0.048378	 0.24474	-0.03533	0.005123	  0.2770	0.249424	 0.02776	-0.10458	-0.06401	0.005144	-0.249424	0.276997	-0.01282	-0.10542	-0.06401	    3.15	  -56.11	   64.30	   -4.04	   -3.33	  -20.16	  415.53	 1003.07	   13.90	   1.217	   973.8	   40.00	3.499E+5	   0.118
      45	   0.005	  10.000	  0.2729	0.058840	 0.24277	-0.02022	0.015768	  0.2729	0.249304	 0.02785	-0.08843	-0.06409	0.015789	-0.249304	0.272856	-0.01272	-0.09100	-0.06409	    5.54	  -56.04	   63.32	   -4.00	   -2.79	  -20.17	  415.23	 1003.05	   13.91	   1.217	   973.1	   39.99	3.498E+5	   0.118
      46	   4.995	  10.000	  0.7893	0.022793	 0.22918	-0.06533	-0.086016	  0.7848	0.229659	 0.02594	-0.26154	-0.05334	-0.017350	-0.229659	0.789335	-0.01621	-0.25871	-0.05581	   -2.22	  -51.66	  180.34	   -5.10	   -9.20	  -17.58	  415.53	 1003.15	   13.89	   1.217	   973.8	   40.00	3.499E+5	   0.118
      47	   4.995	  10.000	  0.7776	0.052734	 0.22407	-0.02866	-0.054735	  0.7758	0.229827	 0.02650	-0.22260	-0.05342	0.013023	-0.229827	0.777583	-0.01568	-0.22472	-0.05594	    4.61	  -51.72	  177.77	   -4.94	   -7.94	  -17.62	  415.71	 1003.01	   13.86	   1.217	   974.3	   40.01	3.500E+5	   0.118
      48	   4.995	  10.000	  0.7729	0.062564	 0.22239	-0.01487	-0.044392	  0.7720	0.229876	 0.02668	-0.20786	-0.05347	0.022995	-0.229876	0.772889	-0.01551	-0.21160	-0.05601	    6.86	  -51.76	  176.80	   -4.89	   -7.46	  -17.66	  415.91	 1003.03	   13.86	   1.217	   974.7	   40.02	3.501E+5	   0.118
      49	   4.995	  10.000	  0.7675	0.073054	 0.22076	 0.00150	-0.033349	  0.7675	0.230095	 0.02692	-0.19037	-0.05361	0.033609	-0.230095	0.767492	-0.01532	-0.19584	-0.05617	    9.25	  -51.81	  175.58	   -4.83	   -6.87	  -17.71	  415.91	 1003.16	   13.88	   1.218	   974.7	   40.01	3.501E+5	   0.118
